ID,high,medium,low
1,0.5184396572434922,0.4038208295391406,0.07773951321736723
2,0.22643735119180824,0.5781758683175904,0.19538678049060137
3,0.043685539638553234,0.19948404960756555,0.7568304107538812
4,0.4467196141083039,0.46794020111605594,0.08534018477564004
5,0.015235871334870888,0.25254709830825905,0.73221703035687
6,0.011517100335830236,0.09290311366894591,0.8955797859952238
7,0.09714237919096434,0.46659456752582185,0.4362630532832139
8,0.13780091022091007,0.5874650221380985,0.27473406764099145
9,0.18198086143745337,0.22979573196519837,0.5882234065973482
10,0.13761512103518553,0.22490780988830789,0.6374770690765067
11,0.18220003814409683,0.6162590700945147,0.20154089176138845
12,0.16591191528370747,0.622459808289014,0.2116282764272786
13,0.022470460493677766,0.2283142615842614,0.7492152779220609
14,0.19241293608600823,0.4284192366485459,0.3791678272654458
15,0.14510474509513568,0.42260980681863203,0.43228544808623237
16,0.03579002655169455,0.4703096301912634,0.4939003432570421
17,0.1189212831704177,0.21616493559024913,0.6649137812393332
18,0.021010000995253093,0.1365616926996936,0.8424283063050534
19,0.33170960405388156,0.6634211541400379,0.0048692418060805945
20,0.16341968808251486,0.6926593475830671,0.14392096433441798
21,0.1012685863043968,0.4596539172165466,0.43907749647905653
22,0.01254274796215179,0.10652048321115988,0.8809367688266884
23,0.2853662009588656,0.39951092585233783,0.31512287318879656
24,0.0819115923152615,0.37578302488732795,0.5423053827974105
25,0.22398648457119774,0.502597175502125,0.2734163399266773
26,0.04590236752108809,0.3452257586936731,0.6088718737852387
27,0.26817684370981565,0.383941090813066,0.34788206547711836
28,0.4996102844023529,0.4265104928369654,0.07387922276068164
29,0.06881192592967401,0.2584052944950103,0.6727827795753156
30,0.25264532825476727,0.6179489110397789,0.12940576070545387
31,0.2661346103128172,0.30545637181086943,0.4284090178763134
32,0.4419469334865731,0.47583607984638115,0.08221698666704577
33,0.06859547082997401,0.259888536850822,0.6715159923192039
34,0.018357641803702203,0.28808420258364026,0.6935581556126577
35,0.08779539295731184,0.45660125942921187,0.4556033476134762
36,0.00728858275993906,0.07925447936192205,0.913456937878139
37,0.046931753481316195,0.7720222471959448,0.181045999322739
38,0.12669706235681719,0.321025974651102,0.5522769629920807
39,0.43223494060479556,0.3803791563451696,0.18738590305003475
40,0.5779453617843169,0.36714759128313856,0.05490704693254457
41,0.14658570219055014,0.4513374144156411,0.40207688339380865
42,0.3687101653981299,0.5117737360640907,0.1195160985377794
43,0.016284554182325803,0.21617902401285002,0.7675364218048241
44,0.060044558065210654,0.5738211862187967,0.3661342557159927
45,0.046829935096135956,0.3249910499817841,0.62817901492208
46,0.566588620539092,0.3987017627167442,0.03470961674416396
47,0.23577983988004428,0.327804444776954,0.4364157153430017
48,0.08482351844168518,0.4295487695292412,0.48562771202907357
49,0.19034026745683694,0.36663865586998845,0.4430210766731747
50,0.5090892583055406,0.4164241574974768,0.07448658419698255
51,0.4230369251570763,0.4556404075183977,0.12132266732452605
52,0.7305166092946276,0.2573497939837766,0.012133596721595932
53,0.32983715542761216,0.47922059371157794,0.19094225086080988
54,0.5725915772002226,0.32371662964898207,0.10369179315079532
55,0.028259685948004605,0.2132187704385721,0.7585215436134233
56,0.09997189914664507,0.5734490948413188,0.32657900601203604
57,0.13384491381005464,0.2833438131635728,0.5828112730263726
58,0.008609767119571992,0.05600646682227048,0.9353837660581577
59,0.08625285482316619,0.7975049613779722,0.11624218379886164
60,0.05031653114337894,0.465949774263607,0.4837336945930139
61,0.1033612518997174,0.29439379156085416,0.6022449565394284
62,0.1703429007595711,0.4613929886409641,0.36826411059946473
63,0.37171210176052627,0.4896354702519211,0.13865242798755267
64,0.29566209781536923,0.3393690703221653,0.36496883186246537
65,0.3443608250818399,0.39445651087935296,0.26118266403880713
66,0.5508316915791536,0.3605806210806922,0.08858768734015421
67,0.07170193645810614,0.28764739294557684,0.640650670596317
68,0.2997612460301412,0.5489464582937202,0.15129229567613847
69,0.28225031640731607,0.5856279762394523,0.13212170735323162
70,0.029087706763268214,0.31227545400591344,0.6586368392308184
71,0.2095682415511165,0.5044217030789502,0.2860100553699333
72,0.26829095037401834,0.565866446846154,0.1658426027798278
73,0.24421343782493213,0.6010338571948932,0.15475270498017468
74,0.0689715755197667,0.4602180134213909,0.47081041105884247
75,0.06909186004954158,0.7370980728466894,0.19381006710376908
76,0.7220175988637868,0.2144392502061898,0.06354315093002338
77,0.025022603662209545,0.3798520796348697,0.5951253167029207
78,0.08673637735243428,0.5926412696981971,0.3206223529493686
79,0.18253864353084126,0.49687498998443763,0.3205863664847211
80,0.2048870096906182,0.6596460557710251,0.13546693453835676
81,0.00395993953678887,0.012012194329142184,0.9840278661340689
82,0.2565542618207364,0.5041341775475893,0.23931156063167433
83,0.0203855327148923,0.06587385362304542,0.9137406136620623
84,0.0766978669082285,0.45642154907513466,0.46688058401663673
85,0.1196987442875392,0.3660129313556302,0.5142883243568305
86,0.3007746528241817,0.34335414954023347,0.3558711976355848
87,0.03121826883752744,0.2945839752566599,0.6741977559058128
88,0.2065145938404209,0.505540634931407,0.28794477122817214
89,0.047572213628595254,0.13232451053466562,0.820103275836739
90,0.4254860115086337,0.3753027327614088,0.19921125572995743
91,0.006791974207089267,0.03951026321109903,0.9536977625818117
92,0.31629756988844243,0.49937615366516414,0.18432627644639335
93,0.7269051012799725,0.20613558389738404,0.0669593148226435
94,0.26988855437382525,0.3929101165836945,0.33720132904248024
95,0.6318882198165732,0.3203138673409994,0.04779791284242741
96,0.09766007356020551,0.5332658544984399,0.36907407194135455
97,0.5019461581975918,0.34677554332520316,0.15127829847720495
98,0.10015110800256073,0.4073233025192757,0.4925255894781636
99,0.3307688922589862,0.34234433700263983,0.3268867707383739
100,0.22044945468530777,0.6253233720891124,0.1542271732255798
101,0.0640528759006845,0.3298854890321164,0.606061635067199
102,0.21392751565029414,0.6005695664330996,0.18550291791660628
103,0.36277358076108457,0.47326613929587374,0.16396027994304174
104,0.3695553001609285,0.5378802615718632,0.09256443826720845
105,0.4698619592252883,0.40555768660476427,0.12458035416994742
106,0.43715436453115164,0.46791573493234495,0.09492990053650328
107,0.2959953383687664,0.4252402789599178,0.27876438267131587
108,0.18879083633223293,0.49014921706965336,0.3210599465981137
109,0.032163514905527706,0.5062990199066736,0.4615374651877987
110,0.4179357559097088,0.4842366254826932,0.09782761860759809
111,0.011694546891596777,0.25103440367866736,0.7372710494297359
112,0.019713914813316857,0.3349124576106477,0.6453736275760354
113,0.054938875706445386,0.3911662712635967,0.5538948530299579
114,0.3314110386828477,0.4014229823969753,0.26716597892017685
115,0.5009410079753345,0.45094519923638354,0.04811379278828201
116,0.3606676479385547,0.34359078876724963,0.29574156329419565
117,0.012113027121159681,0.17246874537539342,0.8154182275034468
118,0.3010588596062833,0.37072031543987366,0.3282208249538429
119,0.3378273605568921,0.431974939494769,0.2301976999483388
120,0.44831245905956096,0.425245579034179,0.12644196190625995
121,0.2289218974490247,0.5152381834861568,0.2558399190648185
122,0.003806435205171918,0.12230106893270759,0.8738924958621204
123,0.026452751417659272,0.24207168057099,0.7314755680113507
124,0.05857954740150067,0.5910922876734611,0.35032816492503827
125,0.015787569325052802,0.3966930783708041,0.5875193523041431
126,0.10599712823811526,0.6473662175727758,0.246636654189109
127,0.33047600655587844,0.5653864357772597,0.10413755766686184
128,0.546543005949912,0.3447654762421105,0.10869151780797755
129,0.11792674206136003,0.3757188915307787,0.5063543664078612
130,0.0017846828025074749,0.03607588857452347,0.9621394286229691
131,0.29599181839990657,0.5841002908713574,0.11990789072873606
132,0.15749344964720197,0.633194688942995,0.209311861409803
133,0.6454215278958407,0.292687739503613,0.06189073260054636
134,0.25581720139695546,0.5253678657368568,0.21881493286618775
135,0.12891763003908027,0.20152713194960295,0.6695552380113168
136,0.13762319808001053,0.36684779243941473,0.49552900948057477
137,0.13154674037139202,0.4405055923265138,0.42794766730209416
138,0.30834742086166206,0.379650063033969,0.31200251610436897
139,0.20459516158935395,0.352553830669047,0.4428510077415991
140,0.286690054903171,0.3627424512514797,0.3505674938453493
141,0.004475085518422736,0.02757297015250679,0.9679519443290705
142,0.1080392251890053,0.8246514284515829,0.06730934635941178
143,0.3529413643809671,0.48637767588801234,0.16068095973102056
144,0.11914763316682447,0.15193055656436136,0.7289218102688141
145,0.23406156566250308,0.19328536108786148,0.5726530732496354
146,0.21357468433633872,0.47696233057919696,0.30946298508446435
147,0.27676439252972274,0.3495330564950898,0.3737025509751875
148,0.02339838778393941,0.20114793857678495,0.7754536736392756
149,0.06601314375795839,0.30914493878472954,0.6248419174573122
150,0.003427228417445635,0.038903895992343424,0.957668875590211
151,0.1066849247521843,0.15690004754010084,0.7364150277077149
152,0.27074011148577204,0.5440416775297517,0.18521821098447622
153,0.18845357047182934,0.4405458218648606,0.37100060766331017
154,0.464333203844958,0.22562269615701447,0.3100440999980275
155,0.033001667238281046,0.14408761936976563,0.8229107133919533
156,0.23276518725634981,0.5913282569316162,0.17590655581203404
157,0.06655500657898002,0.3552012182128731,0.578243775208147
158,0.034965930245105845,0.48517546841671266,0.47985860133818153
159,0.4617863948469685,0.4162372303759608,0.12197637477707075
160,0.48481083475326164,0.43073209112171695,0.08445707412502144
161,0.4387747291678758,0.432462239867494,0.12876303096463018
162,0.2765027631982206,0.558838320094783,0.16465891670699648
163,0.04101338215438081,0.32082968055762534,0.6381569372879938
164,0.30236267992923255,0.5371952521581133,0.16044206791265428
165,0.5487179472898606,0.42442261850983126,0.026859434200308147
166,0.3551150364454459,0.4534629485036471,0.19142201505090697
167,0.03521697077707952,0.6730721066714805,0.29171092255143993
168,0.07777054824528519,0.4563260138292691,0.46590343792544575
169,0.5284666892636464,0.41139582257053103,0.06013748816582246
170,0.4346481698117228,0.4712201010954134,0.09413172909286387
171,0.022933886283739477,0.30861130248364677,0.6684548112326139
172,0.4800080134135935,0.42069034094575863,0.09930164564064795
173,0.006990071823008112,0.06445592971929827,0.9285539984576937
174,0.11017090781055379,0.4641363452227906,0.4256927469666557
175,0.08131018087476063,0.5672414645747077,0.35144835455053164
176,0.00789777637615002,0.1456492316483955,0.8464529919754543
177,0.22670187332670166,0.4401661594594585,0.33313196721383986
178,0.0825308015132099,0.21174288992626766,0.7057263085605224
179,0.017900614570161334,0.3375980090124145,0.6445013764174241
180,0.11427555377422857,0.23500420583903048,0.650720240386741
181,0.06190621967885827,0.7162249977739904,0.22186878254715134
182,0.26398445443780855,0.16532519176096708,0.5706903538012242
183,0.16863857145544248,0.6072904881857711,0.22407094035878636
184,0.0659924632064129,0.4735235812920275,0.4604839555015596
185,0.007963145780054194,0.06600071381723267,0.9260361404027132
186,0.20647180555212138,0.45414848986865997,0.33937970457921873
187,0.02121937009670146,0.3063906683499707,0.6723899615533278
188,0.22861375984924945,0.4361238900614792,0.33526235008927135
189,0.04621680104804001,0.39304813748952316,0.5607350614624368
190,0.06447272424597228,0.3622027087218363,0.5733245670321914
191,0.06755161659069074,0.4496634543389002,0.48278492907040904
192,0.01329240627542203,0.24465213476806155,0.7420554589565165
193,0.4419469334865731,0.47583607984638115,0.08221698666704577
194,0.7289087837926479,0.23548895342604187,0.035602262781310234
195,0.0026537110534361574,0.06706396513078787,0.9302823238157759
196,0.3315871173219355,0.5754989216270242,0.09291396105104023
197,0.03120501786669809,0.49721635229234407,0.47157862984095783
198,0.5073815848440516,0.44079594839099007,0.05182246676495835
199,0.04384993509731796,0.6408697481363839,0.3152803167662982
200,0.03681683697492836,0.3406316274404345,0.622551535584637
201,0.02178268427297607,0.2967737676839988,0.6814435480430251
202,0.02791759915393978,0.3003323116150019,0.6717500892310583
203,0.01135625172737909,0.22533529468647995,0.7633084535861411
204,0.10122753667373295,0.1376927848515005,0.7610796784747665
205,0.0363961168916109,0.27238059437970524,0.6912232887286839
206,0.00593949906452725,0.3756837667334495,0.6183767342020232
207,0.026894764676301048,0.16770490500142882,0.8054003303222702
208,0.15984033168866926,0.4202333838057965,0.4199262845055343
209,0.5821369390693502,0.3604868590002478,0.057376201930402077
210,0.22257475841016425,0.6233099167361261,0.15411532485370966
211,0.2664637137428631,0.3870807579373921,0.34645552831974497
212,0.034247787631946226,0.1080224295473922,0.8577297828206616
213,0.566588620539092,0.3987017627167442,0.03470961674416396
214,0.07487408425978818,0.2258053281237752,0.6993205876164367
215,0.02517775475081721,0.2220880955197102,0.7527341497294727
216,0.5663112793663391,0.3909166089038806,0.04277211172978027
217,0.04824587650052903,0.3022714415630464,0.6494826819364244
218,0.0591204510039201,0.7964172605285772,0.14446228846750264
219,0.3998351949620945,0.2171479344200592,0.3830168706178463
220,0.11755623128795208,0.4953737866708747,0.3870699820411731
221,0.43922031297313174,0.4262144406077552,0.13456524641911302
222,0.008782084228040929,0.36415530077057123,0.6270626150013878
223,0.19846536129872738,0.46540973674241154,0.3361249019588611
224,0.01876235542693177,0.11696299188745866,0.8642746526856095
225,0.3222618646888309,0.5031088687752285,0.17462926653594038
226,0.024471931975978863,0.292589291915671,0.6829387761083501
227,0.44895463276878844,0.495760413463866,0.05528495376734543
228,0.22505999008321786,0.521693480344007,0.2532465295727752
229,0.1459124659647886,0.5897723170023653,0.26431521703284605
230,0.1482204911986698,0.32870325910703097,0.5230762496942992
231,0.007933116703562787,0.3229399916537412,0.669126891642696
232,0.529249806803641,0.39839384328558747,0.07235634991077143
233,0.04451937572506736,0.27970905747359204,0.6757715668013408
234,0.06274276375227729,0.8040841433531228,0.13317309289459986
235,0.19636917423402003,0.5560652173494737,0.2475656084165063
236,0.5058204169078222,0.4279881266809206,0.06619145641125711
237,0.4235065332693151,0.47473713343370316,0.10175633329698183
238,0.2797668988251405,0.5034361345446242,0.21679696663023534
239,0.011093173768399446,0.038435656860691954,0.9504711693709087
240,0.1238466686853621,0.7092704238469395,0.16688290746769838
241,0.5739539526692834,0.27290745773785896,0.1531385895928577
242,0.051168289981849115,0.18826884171141559,0.7605628683067353
243,0.08310745840510059,0.3863382126035787,0.5305543289913208
244,0.24078243722499673,0.3332166498470275,0.4260009129279758
245,0.2525498628233302,0.37568401747197594,0.37176611970469386
246,0.35284642682280565,0.32926694101852033,0.31788663215867413
247,0.35456071479342893,0.47365205267229465,0.1717872325342764
248,0.33606998711665015,0.20402843135286952,0.4599015815304804
249,0.01778545466300207,0.3951798469506806,0.5870346983863174
250,0.3041550688624504,0.5198535200481382,0.17599141108941133
251,0.05209242488809665,0.21905466106498583,0.7288529140469177
252,0.4011127887828232,0.5084538925149868,0.09043331870219007
253,0.10136794221310572,0.38969559576217855,0.5089364620247157
254,0.11138085599468633,0.3849740401872678,0.503645103818046
255,0.40942293711463484,0.4196524645085418,0.17092459837682325
256,0.4866205988891025,0.43241721297997393,0.08096218813092347
257,0.056986347820932655,0.506750763533995,0.4362628886450724
258,0.3481837610975297,0.39308388643053593,0.25873235247193443
259,0.5737807907300196,0.4097599498917902,0.016459259378190132
260,0.6303199384699048,0.31792815930650814,0.05175190222358712
261,0.10921054101287446,0.415949211873856,0.4748402471132696
262,0.007190480634778875,0.22725527684763017,0.765554242517591
263,0.4755755328918157,0.3548964800703342,0.16952798703785005
264,0.1676102125938381,0.38672449625192085,0.4456652911542411
265,0.5454622509969439,0.40350560830354865,0.05103214069950741
266,0.45597109359637994,0.47446490575707584,0.0695640006465442
267,0.40709880696278605,0.23337959764867405,0.35952159538854
268,0.00461506981828599,0.05835117229633502,0.937033757885379
269,0.190599327486657,0.5070984698652614,0.3023022026480816
270,0.07509855774930727,0.5213497254532229,0.4035517167974698
271,0.5178667201418929,0.37146980256905454,0.1106634772890525
272,0.023210301766512884,0.1328965059519434,0.8438931922815437
273,0.23190730319525082,0.5613607341456697,0.20673196265907948
274,0.0036788765434960114,0.030356728196188495,0.9659643952603154
275,0.059489406263113075,0.7653480015973573,0.17516259213952964
276,0.7207965513754009,0.23143020962531308,0.047773238999286025
277,0.5387532753479056,0.39909964028579875,0.062147084366295666
278,0.17883060531721826,0.49964478446007204,0.3215246102227097
279,0.07614563937563396,0.5281109072670344,0.39574345335733163
280,0.14927972317397456,0.46861961580210476,0.38210066102392065
281,0.16516192444346045,0.5275776071262975,0.3072604684302419
282,0.019655753042290024,0.05123145486659375,0.9291127920911162
283,0.07427583230438056,0.5388567984700071,0.3868673692256123
284,0.2837596215198971,0.5156321533260014,0.20060822515410154
285,0.2386675905820793,0.5170453658344036,0.24428704358351702
286,0.0007296101837223703,0.03571169008562525,0.9635586997306522
287,0.000852242579020892,0.00817643311556571,0.9909713243054135
288,0.319134062320919,0.4978064441793938,0.18305949349968723
289,0.05005088031060911,0.5826718367271532,0.3672772829622376
290,0.11329205011002787,0.26104104614185225,0.6256669037481197
291,0.6848749459440944,0.3054347790278456,0.009690275028059976
292,0.08617070378397643,0.6163670496623482,0.29746224655367526
293,0.09344448007861497,0.4476738757504516,0.4588816441709334
294,0.09185729019721223,0.64684242143466,0.2613002883681278
295,0.18567037265279243,0.5103140599781503,0.30401556736905727
296,0.23699774391742598,0.5186196119652362,0.24438264411733793
297,0.04351980244868061,0.30760313932271516,0.6488770582286043
298,0.022127555882117924,0.1135812968807378,0.8642911472371443
299,0.01686715053355412,0.20072702046574453,0.7824058290007014
300,0.2636113286350493,0.5235159560958181,0.21287271526913254
301,0.05620641106463228,0.11512635652292116,0.8286672324124466
302,0.04328401877712277,0.2598005342072097,0.6969154470156674
303,0.2576071036251556,0.4033977385133438,0.3389951578615005
304,0.022948246423136656,0.3872176582586971,0.5898340953181663
305,0.45916034875252487,0.5070875368545325,0.03375211439294267
306,0.05479445161042254,0.2330115416471209,0.7121940067424567
307,0.04797307162031418,0.5730886316264381,0.3789382967532477
308,0.004745813208649547,0.053137904677708694,0.9421162821136417
309,0.46994389700294453,0.42331409042227536,0.10674201257478004
310,0.5902267074359395,0.25337272364697677,0.15640056891708362
311,0.45621436441467705,0.4727585757050098,0.07102705988031317
312,0.4840983162230933,0.4057614895410973,0.11014019423580947
313,0.47791552213027805,0.32338063985515364,0.19870383801456834
314,0.04128233021458717,0.17403977407515586,0.784677895710257
315,0.09312918007401565,0.5699865749136616,0.3368842450123228
316,0.2789031535914525,0.38658298104536615,0.33451386536318134
317,0.34896924763580345,0.498171072188919,0.15285968017527754
318,0.008391158745075447,0.03224349546339153,0.9593653457915331
319,0.05775517203325402,0.11802240432617614,0.8242224236405697
320,0.4444883922094243,0.4585912967797177,0.09692031101085802
321,0.0645065754500049,0.12468144454922879,0.8108119800007663
322,0.7962668289119488,0.16125025576831195,0.042482915319739176
323,0.5027527863934256,0.31772693141866387,0.17952028218791058
324,0.023721947067591842,0.35011412974579903,0.6261639231866091
325,0.24487767398979962,0.49466331448022033,0.26045901152997997
326,0.2721198907415375,0.5199269500072817,0.20795315925118069
327,0.1371351505932361,0.34033182572980686,0.5225330236769571
328,0.31329212591498645,0.25346416212854034,0.4332437119564732
329,0.37848754655445954,0.46221181288575486,0.15930064055978554
330,0.04993206672440327,0.51871993471959,0.43134799855600675
331,0.6872954897237964,0.24252580589021688,0.0701787043859867
332,0.33638082679954556,0.5205930909049358,0.14302608229551866
333,0.3398763670437859,0.5598707740102716,0.10025285894594256
334,0.1681443456545774,0.5826723521482736,0.24918330219714893
335,0.39174577986710946,0.3436321538138305,0.26462206631906016
336,0.012005320824006908,0.2281843177621369,0.759810361413856
337,0.2971563298136482,0.5834990299819907,0.11934464020436118
338,0.2913768474871209,0.5374868973203288,0.17113625519255019
339,0.11320007367650034,0.38047090854148025,0.5063290177820194
340,0.2521670655332762,0.501859292015434,0.24597364245128983
341,0.49841343029707474,0.4438286942051065,0.05775787549781883
342,0.49042362985563903,0.4265269637316925,0.08304940641266838
343,0.04650466512289691,0.7522355318617744,0.2012598030153287
344,0.16066744730199756,0.6190503641757846,0.22028218852221776
345,0.36735643884228225,0.439442238425235,0.19320132273248272
346,0.056786900927578265,0.17980313484345373,0.7634099642289679
347,0.059949263907014515,0.3060028733631998,0.6340478627297856
348,0.04928095161336513,0.19438687904829632,0.7563321693383385
349,0.3048684447651296,0.49729172349560036,0.1978398317392701
350,0.17546249583174844,0.49858598452623354,0.325951519642018
351,0.08749725412113066,0.4069250737829911,0.5055776720958783
352,0.7542988523583297,0.17675893149449945,0.06894221614717062
353,0.2540287096363709,0.4362026210466041,0.30976866931702507
354,0.43840458085717027,0.5153275073967197,0.04626791174611011
355,0.11205469336716395,0.36646146262183243,0.5214838440110037
356,0.06165194904701153,0.2769380883396087,0.6614099626133797
357,0.3188756718874371,0.41379059685157704,0.2673337312609859
358,0.020559255594643496,0.46884613644014483,0.5105946079652117
359,0.16730063601866782,0.6421835556276194,0.19051580835371285
360,0.4645915611209457,0.33554154547831844,0.1998668934007359
361,0.16466921811531673,0.16499125145903834,0.6703395304256449
362,0.3523644075299546,0.2579411542366176,0.3896944382334276
363,0.2903534491425864,0.4338645254508168,0.27578202540659685
364,0.06288486565793434,0.31816242595472505,0.6189527083873405
365,0.2510575997588125,0.46563971541337396,0.2833026848278136
366,0.25563279313267134,0.2621332377943103,0.4822339690730184
367,0.4562841793966139,0.4365794747558363,0.10713634584754977
368,0.05628129131037308,0.24484202128876273,0.6988766874008642
369,0.0212466861535761,0.13690003218901692,0.841853281657407
370,0.20798521900187553,0.44079694838443373,0.35121783261369083
371,0.5788073926584565,0.3863920935872275,0.034800513754316004
372,0.20485968641832702,0.2601794853861469,0.5349608281955263
373,0.3814930571917554,0.3403529379139153,0.2781540048943293
374,0.04868014251344824,0.33757238734750494,0.6137474701390468
375,0.08650198245254485,0.21447040121214575,0.6990276163353094
376,0.054155864074098205,0.46960174545327954,0.47624239047262223
377,0.3251565833908509,0.5362718555285092,0.13857156108063992
378,0.03279751348392763,0.1438536150727048,0.8233488714433675
379,0.056869653565718346,0.5791024825654852,0.3640278638687965
380,0.31758820111990543,0.6115940629229268,0.07081773595716782
381,0.8394040585955082,0.13262111819794692,0.027974823206544853
382,0.42537504329432685,0.43607503745851406,0.13854991924715926
383,0.1066947219293371,0.5092638235199155,0.3840414545507473
384,0.05846265673891402,0.29507005759545063,0.6464672856656355
385,0.1549075773222902,0.6513535758515592,0.19373884682615056
386,0.13761114408982575,0.5591248023150359,0.3032640535951384
387,0.19540185534044116,0.6139847912853024,0.1906133533742565
388,0.27343292000570935,0.7131773496815846,0.013389730312706086
389,0.5241006922048553,0.3470967825100157,0.12880252528512914
390,0.08469307764976113,0.1648602323779042,0.7504466899723348
391,0.0534981819033296,0.3947689484990638,0.5517328695976065
392,0.23417308726147326,0.47610394864486577,0.289722964093661
393,0.5416678266801419,0.33607614309513684,0.12225603022472122
394,0.8197394174600253,0.12338737623083407,0.05687320630914056
395,0.05159401742059328,0.35718422203779626,0.5912217605416104
396,0.3912118453008669,0.4058025828744298,0.20298557182470345
397,0.3471113385492389,0.44551780717431716,0.20737085427644403
398,0.582465424588018,0.34974032776393044,0.06779424764805153
399,0.23231070119159508,0.4762571252571852,0.2914321735512198
400,0.04533166210628088,0.21195204266945245,0.7427162952242666
401,0.31349423963087997,0.38406153420947753,0.3024442261596426
402,0.27275101650848566,0.45336426661369705,0.2738847168778173
403,0.1507757748139946,0.34803475669635253,0.5011894684896528
404,0.4734890688902335,0.29672839119577316,0.2297825399139933
405,0.00866201697762938,0.1576030209359617,0.8337349620864088
406,0.7498475230199799,0.16642154941222273,0.08373092756779749
407,0.3730713489385475,0.32508261453789755,0.30184603652355496
408,0.0582689922349902,0.20776643597026354,0.7339645717947462
409,0.19955112311917497,0.5209832080181755,0.2794656688626495
410,0.08582654526750537,0.457302015782857,0.4568714389496377
411,0.0006412496087741015,0.005615911440805197,0.9937428389504207
412,0.5711646364462422,0.3469394060241581,0.08189595752959973
413,0.12150961495293862,0.706878139060329,0.17161224598673236
414,0.02347264025949084,0.257451108434824,0.7190762513056851
415,0.03390627511032476,0.2296778020873652,0.73641592280231
416,0.042448386889331856,0.32990878953340436,0.6276428235772638
417,0.5083027955720854,0.39643896005617524,0.09525824437173927
418,0.8844760975781357,0.08404973864643171,0.03147416377543261
419,0.49611327967464586,0.46475720294390793,0.039129517381446176
420,0.0009027743805316361,0.033596653727105345,0.965500571892363
421,0.44453492412045126,0.3792447550337634,0.17622032084578534
422,0.3074392676974076,0.37015020502150503,0.3224105272810874
423,0.018000171214046946,0.107561228471231,0.8744386003147222
424,0.15370696979802517,0.45280059550504487,0.39349243469693
425,0.42950687369021934,0.4646577203805166,0.10583540592926405
426,0.009642653377787122,0.3080944770975611,0.6822628695246518
427,0.12460864354831873,0.29147262651357203,0.5839187299381092
428,0.1997545960951979,0.4405583860982037,0.35968701780659834
429,0.23643357887027114,0.5550679113481121,0.20849850978161671
430,0.014986897194403928,0.17457005831595387,0.8104430444896423
431,0.11963558881945417,0.4897959648395721,0.39056844634097376
432,0.22679650857853562,0.3732580090923518,0.39994548232911264
433,0.08390874334026377,0.4355640273035155,0.4805272293562207
434,0.3741437111785763,0.4341753782481732,0.1916809105732505
435,0.5038343109569504,0.410994354255383,0.08517133478766652
436,0.26402914900221597,0.5816844876575259,0.15428636334025814
437,0.26044632195759226,0.4255259306561994,0.3140277473862083
438,0.022738455880775922,0.3639129926754555,0.6133485514437685
439,0.026564446391459766,0.16084837471033325,0.8125871788982069
440,0.034309119496907355,0.20758272877988454,0.758108151723208
441,0.34093274730412,0.459719723880782,0.19934752881509787
442,0.2674913179581351,0.646261999842982,0.08624668219888285
443,0.20940403169145844,0.47616119205814306,0.3144347762503986
444,0.017695251264479055,0.16423656185017152,0.8180681868853495
445,0.004268069260597327,0.0960511039335491,0.8996808268058537
446,0.1467157122964281,0.5243599733796982,0.3289243143238737
447,0.33387904562429016,0.4713933741509233,0.1947275802247866
448,0.44490643221774984,0.44940448221933055,0.10568908556291957
449,0.009176879048341637,0.061992891515293316,0.928830229436365
450,0.7992317081253999,0.12835446274789464,0.07241382912670538
451,0.06904257651331666,0.5224674785593049,0.4084899449273785
452,0.2052708762224525,0.5664668196091269,0.22826230416842053
453,0.4126101137998724,0.4417066159024289,0.14568327029769873
454,0.631673373709385,0.34463145061365397,0.023695175676960962
455,0.019604452789176798,0.21609328392534843,0.7643022632854748
456,0.18462097219571996,0.3215566200600757,0.4938224077442043
457,0.3963641821247357,0.4391426029654656,0.1644932149097986
458,0.20851977271509772,0.5524218159312001,0.23905841135370226
459,0.3177422324592294,0.5532700612715994,0.12898770626917117
460,0.4925904236372623,0.4324737841391964,0.07493579222354123
461,0.21993243860941858,0.6833729613170739,0.09669460007350744
462,0.3938406696141987,0.311087659693897,0.2950716706919044
463,0.2403953616589602,0.4491593167241282,0.31044532161691163
464,0.14655096871309975,0.586803933869291,0.2666450974176092
465,0.3864279329535584,0.3572419141502757,0.256330152896166
466,0.7594722940923548,0.17689454053654885,0.06363316537109615
467,0.1497421076666899,0.46434654550858895,0.3859113468247211
468,0.5316413258392175,0.3791082896156578,0.08925038454512466
469,0.29353586481849353,0.5849068089601954,0.12155732622131099
470,0.019181375910641014,0.26203194917936773,0.7187866749099913
471,0.049846045389797505,0.2744845296946597,0.6756694249155428
472,0.012121004518445486,0.21205615330668082,0.7758228421748737
473,0.6925929773213809,0.21527559706704494,0.09213142561157411
474,0.3118303881501869,0.32423245856372224,0.3639371532860908
475,0.30335922815000976,0.5828629139864362,0.11377785786355407
476,0.5862394421401352,0.34597368837275916,0.06778686948710558
477,0.021020510628318178,0.34108770457366966,0.6378917847980121
478,0.4247189931336254,0.4862798114619246,0.08900119540445
479,0.22375207500526598,0.46699532185229925,0.3092526031424347
480,0.2635691935779021,0.39254714712137945,0.3438836593007184
481,0.09249788166834672,0.30741804112556104,0.6000840772060922
482,0.3029539022251878,0.56898354009014,0.12806255768467215
483,0.10787984000654795,0.37294664169761355,0.5191735182958384
484,0.2778353313821596,0.43590598175376016,0.2862586868640801
485,0.19650219662362867,0.4234836614762949,0.3800141419000763
486,0.09869458343710873,0.4833271810228522,0.417978235540039
487,0.7894273324687359,0.12790143170582924,0.08267123582543494
488,0.037231007968494156,0.4804444648506405,0.48232452718086527
489,0.08174171900639327,0.418544539987162,0.4997137410064447
490,0.029527363637057335,0.20506351371177622,0.7654091226511663
491,0.09652927771912223,0.6811330761161928,0.22233764616468496
492,0.12345983097429501,0.4368690517938379,0.439671117231867
493,0.19728203479601375,0.28384764991310607,0.5188703152908802
494,0.5735607682790647,0.22012460976819356,0.20631462195274178
495,0.006704527408506873,0.09192019554655222,0.9013752770449409
496,0.7874036717055594,0.19952646839628801,0.013069859898152573
497,0.4332912186039351,0.4525710783683118,0.11413770302775303
498,0.0962567280563815,0.15408813363056265,0.7496551383130559
499,0.036539290213429304,0.5684716227249526,0.3949890870616181
500,0.5257040938955214,0.45052595409752577,0.023769952006952814
501,0.013432083569049525,0.17397228733703987,0.8125956290939106
502,0.07725877471143741,0.3590887044288451,0.5636525208597174
503,0.25044691005961706,0.3862360759454266,0.3633170139949563
504,0.19749859580689338,0.527205686864178,0.27529571732892866
505,0.3912682692107043,0.408992939985663,0.19973879080363266
506,0.057795680866299,0.46293439992814034,0.4792699192055606
507,0.3042377880802349,0.35051764056969614,0.34524457135006903
508,0.31713672620073874,0.3521720449351597,0.33069122886410157
509,0.5913939427107386,0.38548393530863784,0.023122121980623366
510,0.08037534904315628,0.4239925566288423,0.49563209432800137
511,0.06727689337218941,0.34524504470659867,0.587478061921212
512,0.3136931878005206,0.21792493972829283,0.4683818724711866
513,0.09254144528845744,0.5309351394755026,0.37652341523603994
514,0.007867389076460314,0.025249539882883948,0.9668830710406557
515,0.0774122713585874,0.27426056788649156,0.6483271607549213
516,0.039231424975732815,0.13858104088530304,0.8221875341389641
517,0.2421557072238779,0.38852674148668337,0.3693175512894388
518,0.36277358076108457,0.47326613929587374,0.16396027994304174
519,0.3179753269128495,0.4184046094173798,0.26362006366977075
520,0.2130797076105287,0.5046948381088787,0.2822254542805927
521,0.49611327967464586,0.46475720294390793,0.039129517381446176
522,0.009776971798329571,0.055303454265536345,0.934919573936134
523,0.034625890685908677,0.7853168309965195,0.1800572783175718
524,0.3727432651356375,0.41942027569109586,0.20783645917326665
525,0.32394963451961745,0.29963171928827753,0.376418646192105
526,0.36618407576486817,0.4318995631260031,0.20191636110912864
527,0.07736779124694104,0.5621351300960721,0.36049707865698677
528,0.6217139321452713,0.3441990945229707,0.03408697333175805
529,0.2659159472183501,0.5218965796473056,0.21218747313434438
530,0.2040388186689944,0.33472657002984046,0.4612346113011652
531,0.18751012027592986,0.5009827312967807,0.3115071484272893
532,0.09651724365253012,0.26581649920408446,0.6376662571433854
533,0.08109802545943566,0.6131942849126152,0.30570768962794903
534,0.07175639794902146,0.4644685470475944,0.4637750550033842
535,0.1459124659647886,0.5897723170023653,0.26431521703284605
536,0.3254655274825678,0.5233177857734356,0.15121668674399652
537,0.11388154412869163,0.40343058801432763,0.48268786785698076
538,0.4606489745428157,0.40736768146565794,0.13198334399152636
539,0.19808940974303563,0.32315703047177896,0.47875355978518547
540,0.15176920470864902,0.4710636836645918,0.3771671116267592
541,0.06892288129360326,0.3616230498983012,0.5694540688080957
542,0.1076348299014741,0.8396359369730912,0.05272923312543461
543,0.4010718371251277,0.4590164388551922,0.13991172401968013
544,0.05873234768922777,0.37199294825680584,0.5692747040539663
545,0.07043075194292671,0.5297211424544218,0.39984810560265155
546,0.6999572526563885,0.22935421809073783,0.07068852925287372
547,0.927890737830051,0.038028687678083886,0.034080574491865086
548,0.5846112438873232,0.28418668967570687,0.13120206643696994
549,0.3199850669322466,0.5617823473531571,0.11823258571459637
550,0.5179022433207799,0.40666225180231197,0.07543550487690803
551,0.14731824081315828,0.6288164518386992,0.2238653073481425
552,0.47541962273228106,0.43919425156215963,0.08538612570555931
553,0.20513202287670035,0.6409761604381509,0.15389181668514873
554,0.034353442659425,0.33412754832924685,0.6315190090113282
555,0.5476419462105182,0.3832559403164334,0.0691021134730484
556,0.4005309809429961,0.5151514234555334,0.08431759560147047
557,0.18515200773449975,0.3303153131667125,0.4845326790987878
558,0.0037983605354536577,0.10918152740060302,0.8870201120639434
559,0.5169928693336759,0.4358208199879199,0.04718631067840422
560,0.07251421120626324,0.43627077808107173,0.49121501071266505
561,0.2548148205749998,0.3139990549171521,0.431186124507848
562,0.011919215310383795,0.07571421488790757,0.9123665698017087
563,0.1487439964511054,0.4095801128619505,0.4416758906869441
564,0.9317441438147127,0.04270477734234882,0.025551078842938408
565,0.25368769497234334,0.6371474354711665,0.10916486955649014
566,0.0579746670218187,0.7211612863165546,0.22086404666162662
567,0.09361317851174641,0.6768606951751663,0.22952612631308722
568,0.028961226133660613,0.49771228419324454,0.4733264896730949
569,0.004433010449281701,0.1310195827855827,0.8645474067651355
570,0.0013534102454995653,0.01886560428040257,0.9797809854740979
571,0.06105178075139773,0.7833090804568531,0.15563913879174923
572,0.34359431964580534,0.6194600834725947,0.036945596881599894
573,0.1711547423429352,0.32552384832300874,0.503321409334056
574,0.3482367681264009,0.5905498823746806,0.06121334949891861
575,0.07975027247388532,0.44693434707995244,0.4733153804461623
576,0.08383756963698129,0.3673504373153252,0.5488119930476936
577,0.24420842946139945,0.4359919437661402,0.3197996267724603
578,0.047673494896208084,0.27339638808457545,0.6789301170192165
579,0.01722089297760527,0.17249566630727017,0.8102834407151246
580,0.002189845138459053,0.19679826204140913,0.8010118928201317
581,0.015980714976683626,0.12042578574598531,0.8635934992773311
582,0.5584250843869265,0.37197764217771634,0.06959727343535707
583,0.24088827672727267,0.6564147060765196,0.10269701719620768
584,0.03702181215692687,0.28209900894999496,0.6808791788930783
585,0.5094640503036242,0.4024113265038004,0.08812462319257547
586,0.5767209643704794,0.39282521484521427,0.03045382078430635
587,0.0066671578797697075,0.07060656297047994,0.9227262791497504
588,0.5441268232009361,0.38618345107866164,0.06968972572040232
589,0.0034807838078647485,0.08441633956840243,0.9121028766237329
590,0.16751168995885457,0.4033745431877836,0.4291137668533619
591,0.513944335909949,0.4135338890524898,0.07252177503756108
592,0.6120559318899719,0.3332212150819464,0.05472285302808184
593,0.03752415977885015,0.11175830243820939,0.8507175377829405
594,0.5331833238593203,0.39830281934231765,0.06851385679836199
595,0.5071784740281202,0.2958216921723987,0.19699983379948108
596,0.17475041400960664,0.28505323845518765,0.5401963475352058
597,0.4814961139990583,0.3615688766448852,0.15693500935605656
598,0.24655005704532232,0.436812896031247,0.3166370469234306
599,0.4943655357149214,0.40302506291306667,0.10260940137201191
600,0.0155243501620856,0.13119825400756321,0.8532773958303511
601,0.5593250168307713,0.3952159016288594,0.04545908154036917
602,0.0045444625736804556,0.01610747442702937,0.9793480629992901
603,0.10827334496909183,0.34285335899064007,0.5488732960402681
604,0.11393402925751296,0.4610824034015647,0.42498356734092235
605,0.004457630239085176,0.030831614416208183,0.9647107553447067
606,0.4365958271003969,0.40235239570873405,0.16105177719086905
607,0.04596172668246989,0.4392082855872205,0.5148299877303096
608,0.11283662334548426,0.4809977652145892,0.4061656114399266
609,0.13114269226672015,0.14556373355005262,0.7232935741832272
610,0.40942293711463484,0.4196524645085418,0.17092459837682325
611,0.4994348899827219,0.4687907093597857,0.0317744006574924
612,0.009623364853322713,0.18144044784760135,0.8089361872990759
613,0.1074452924058803,0.43730067534222855,0.4552540322518913
614,0.18006404096398096,0.39568387271387717,0.4242520863221419
615,0.04680651706452224,0.3616792719169575,0.5915142110185203
616,0.09362103462063408,0.6597950116779707,0.24658395370139521
617,0.0162083200832801,0.21970350554799514,0.7640881743687249
618,0.322131699514953,0.42823087375977903,0.24963742672526787
619,0.0673932738949733,0.28315414271231704,0.6494525833927096
620,0.26486003447592843,0.5696359116392705,0.1655040538848011
621,0.3743644198892404,0.5244477025941572,0.10118787751660235
622,0.023863190116406505,0.34242833614589213,0.6337084737377013
623,0.5320123332729478,0.4268850732280647,0.04110259349898748
624,0.008002530037918655,0.35916065806050734,0.632836811901574
625,0.07473950056669491,0.7922179630937316,0.13304253633957344
626,0.420758342055233,0.4103183877822556,0.16892327016251144
627,0.2245273928358458,0.4312103961903489,0.3442622109738053
628,0.8005084515702511,0.16695627736320515,0.032535271066543844
629,0.29841006781074675,0.5190004001507423,0.18258953203851092
630,0.14954694041574224,0.6562587073716489,0.1941943522126088
631,0.4066086039220624,0.36061662275502393,0.23277477332291374
632,0.539425165061978,0.42569975846711383,0.034875076470908165
633,0.39599366006846426,0.4466959923215711,0.15731034760996473
634,0.24694145242002802,0.5733734210553688,0.17968512652460317
635,0.33650297922069006,0.5513113736654351,0.11218564711387478
636,0.22768924846242727,0.5439502608803439,0.2283604906572288
637,0.05792649736019643,0.4482694782095572,0.4938040244302463
638,0.3751351389973428,0.5348569488241401,0.09000791217851697
639,0.0026715604891808607,0.08306724239660465,0.9142611971142145
640,0.008635371720177814,0.23428806733261148,0.7570765609472108
