ID,high,medium,low
1,0.5755065496615595,0.3739281406821347,0.05056530965630585
2,0.1321195437320927,0.6041811025467899,0.26369935372111736
3,0.0031259236692729444,0.16215263477591113,0.8347214415548159
4,0.43646671232427103,0.513933824859462,0.049599462816266926
5,0.0015033120649203871,0.4027894119643316,0.595707275970748
6,0.0020852236128766325,0.03140497629975768,0.9665098000873656
7,0.09662843970239564,0.4641070115102711,0.43926454878733334
8,0.3544863133778493,0.4604712090140814,0.18504247760806933
9,0.15249623674208868,0.3341934592773037,0.5133103039806077
10,0.04348834453641428,0.1894798362173662,0.7670318192462195
11,0.1912288973119533,0.6722745573758815,0.1364965453121652
12,0.2673359640082343,0.49832073449157577,0.2343433015001899
13,0.00365811509205124,0.35171109896461983,0.644630785943329
14,0.07484761912045843,0.592198156817617,0.33295422406192454
15,0.09209878173596478,0.36008350300941316,0.5478177152546222
16,0.07634759076056283,0.3890131798870866,0.5346392293523505
17,0.004850151925204556,0.1594807488662314,0.835669099208564
18,0.044938471637325686,0.21401054072839223,0.7410509876342821
19,0.7597697648624897,0.21177617704665852,0.02845405809085187
20,0.36246305542029966,0.4282347605166238,0.20930218406307655
21,0.10557599108162925,0.3904566640485562,0.5039673448698145
22,0.0013880035386624986,0.02421778441921932,0.9743942120421183
23,0.2615479016086636,0.4943688715525637,0.24408322683877268
24,0.14884168397420589,0.7039588890723283,0.14719942695346588
25,0.10946448173318667,0.7468332378308018,0.14370228043601146
26,0.010638799648867206,0.4158542507562364,0.5735069495948966
27,0.15343568225967563,0.5218710530476265,0.324693264692698
28,0.7997685313920035,0.1825378561879335,0.01769361242006294
29,0.0273096990857709,0.5756709515573178,0.3970193493569112
30,0.18255863905695435,0.5939226225164039,0.22351873842664166
31,0.23102929624548352,0.22507112118395678,0.5438995825705597
32,0.48535574799665937,0.4974772439579561,0.0171670080453845
33,0.0050799606486595025,0.20045770351873926,0.7944623358326013
34,0.02376824202419251,0.3420927526325931,0.6341390053432144
35,0.054218852038922336,0.44528112382026563,0.5005000241408121
36,0.0028501056980132534,0.06917525201879064,0.927974642283196
37,0.12803672630124172,0.45335603745932196,0.4186072362394364
38,0.07747951271766908,0.4092396814911655,0.5132808057911654
39,0.29689488774620026,0.6057092733841916,0.09739583886960824
40,0.5196545563262416,0.4520665448853536,0.028278898788404908
41,0.09420993580215747,0.40724009985174475,0.4985499643460978
42,0.4535825743017894,0.4713444144604936,0.07507301123771701
43,0.006456539744090764,0.11522809900913485,0.8783153612467743
44,0.015007862509165297,0.5621303131016664,0.42286182438916836
45,0.015145159744490481,0.24328390629193133,0.7415709339635782
46,0.3932455583441212,0.5828693918949082,0.023885049760970688
47,0.10425579707815001,0.4821461996363079,0.4135980032855421
48,0.07310166642530713,0.31478625016950745,0.6121120834051854
49,0.09153867088932101,0.4753556394873222,0.4331056896233568
50,0.5798761305093784,0.3194091232667635,0.10071474622385815
51,0.5924135822410113,0.37500819372193406,0.03257822403705466
52,0.9131705902537783,0.050020598365857885,0.036808811380363855
53,0.22207989357361424,0.40536899386153624,0.3725511125648495
54,0.6476021750438887,0.31131780038914936,0.041080024566961915
55,0.0028290195780519434,0.12235085695490021,0.8748201234670478
56,0.11362495933153954,0.5296527182345309,0.35672232243392965
57,0.363700681131372,0.3384943249020209,0.2978049939666071
58,0.0020057216750239215,0.035746143022346195,0.9622481353026298
59,0.31075970452193824,0.664637536806135,0.024602758671926794
60,0.06473852868277793,0.3126135402139111,0.622647931103311
61,0.024226033384946534,0.34112420995262116,0.6346497566624323
62,0.09951660665171656,0.7011756336828947,0.19930775966538877
63,0.31496654119725376,0.5758453790377391,0.10918807976500709
64,0.06128664266784262,0.49439269556500964,0.4443206617671478
65,0.49041430826993676,0.42872440939784395,0.08086128233221929
66,0.6522182964565071,0.29508929198903416,0.052692411554458696
67,0.027501078343460845,0.2778497588082968,0.6946491628482423
68,0.14847403008967777,0.6233606188427039,0.2281653510676184
69,0.25055955593691664,0.6870844730808137,0.06235597098226976
70,0.003287654400125584,0.33249811413360797,0.6642142314662665
71,0.14048262564663824,0.5596518911425273,0.2998654832108344
72,0.4066056246241666,0.4316701413477235,0.16172423402810981
73,0.6970555016483873,0.2710787684280338,0.031865729923578924
74,0.09539117317267551,0.6376899114061478,0.2669189154211767
75,0.060723883584563015,0.6518502983680463,0.28742581804739054
76,0.18719214724866243,0.801713960103213,0.011093892648124444
77,0.0056437571914692295,0.1729035918167815,0.8214526509917492
78,0.12057152525274512,0.5569701324917549,0.3224583422555
79,0.23810015659572392,0.5799164543044892,0.18198338909978695
80,0.24789918080002965,0.5653079227217874,0.18679289647818292
81,0.0016787579455375867,0.03247055104838651,0.9658506910060758
82,0.150597822181483,0.6449308940150328,0.20447128380348428
83,0.005490561758071593,0.03908116269313075,0.9554282755487977
84,0.11080414416998413,0.5206372793503278,0.36855857647968804
85,0.038283360493001725,0.5223364537035713,0.43938018580342697
86,0.2048224433740549,0.2717358316387686,0.5234417249871766
87,0.03855344174541553,0.09302263818254435,0.8684239200720401
88,0.32304618091355203,0.5289686464054417,0.14798517268100622
89,0.008586400191561695,0.18426422751336968,0.8071493722950687
90,0.34638360134432694,0.5461324433379873,0.10748395531768577
91,0.00048805964981230346,0.022773673102940258,0.9767382672472475
92,0.3172943948883209,0.5060406599070554,0.17666494520462378
93,0.9086977879975274,0.055405492874678774,0.03589671912779372
94,0.14784786795195057,0.3182297013106764,0.533922430737373
95,0.6572749771358929,0.31221398395500655,0.03051103890910062
96,0.030804559791736703,0.4858499491567423,0.4833454910515211
97,0.6065357296276247,0.32505196592092156,0.0684123044514538
98,0.0419309394512948,0.4243318267876304,0.5337372337610747
99,0.10470652852416254,0.4347103477127364,0.46058312376310107
100,0.4121422121978028,0.4937078213899611,0.09414996641223605
101,0.03217877226339865,0.3605682551714954,0.6072529725651059
102,0.2565093837564008,0.5792446589584559,0.1642459572851433
103,0.29416473444025654,0.5059901073876298,0.19984515817211373
104,0.46516489519561005,0.4393154684111169,0.0955196363932731
105,0.5889005825465707,0.3839911034382677,0.02710831401516165
106,0.6405391446851731,0.2889555470376992,0.0705053082771277
107,0.42074455439164704,0.3095318969960116,0.2697235486123415
108,0.32091835722209766,0.4745025739563801,0.2045790688215221
109,0.05490564909541753,0.32890718488610615,0.6161871660184763
110,0.25267618486656845,0.5361965926904544,0.21112722244297716
111,0.006772494286569201,0.11477801550263053,0.8784494902108002
112,0.007229076068995995,0.4696535742361104,0.5231173496948935
113,0.04965999201627644,0.3202575779640779,0.6300824300196457
114,0.3390853295605366,0.45399840541390113,0.20691626502556223
115,0.7670165558123568,0.22065085675144674,0.012332587436196439
116,0.29655817494731507,0.4268025623389239,0.276639262713761
117,0.0012353342851138675,0.06880851528730808,0.9299561504275782
118,0.12061247468998265,0.5117873977916857,0.36760012751833165
119,0.2820354803797772,0.5418445318265249,0.17611998779369784
120,0.4774768268405357,0.47556625089553795,0.046956922263926275
121,0.10352344071257934,0.5788676730551083,0.31760888623231226
122,0.0019328457662602734,0.015591328385063719,0.9824758258486759
123,0.0034582936527953858,0.1214904572814445,0.8750512490657602
124,0.07272321083171979,0.3426406755420309,0.5846361136262492
125,0.012455577801940516,0.32023853684512515,0.6673058853529343
126,0.10244305094526807,0.6253714343639659,0.27218551469076596
127,0.17918701318374697,0.6091360995771066,0.2116768872391465
128,0.5549321912410854,0.35715874131505454,0.08790906744386001
129,0.06097289952011731,0.4399261443278616,0.4991009561520211
130,0.0004556930416154653,0.007788322886822239,0.9917559840715622
131,0.452316936167515,0.46751233808192505,0.08017072575055992
132,0.14552626364365023,0.5335821021872861,0.3208916341690637
133,0.6551499567577916,0.3029803223585117,0.04186972088369663
134,0.20892726264665396,0.5931290430214342,0.19794369433191183
135,0.02024047169758207,0.2780219960027017,0.7017375322997162
136,0.07388889382910054,0.40176417708831225,0.5243469290825873
137,0.21546578305146968,0.5785285331401812,0.20600568380834922
138,0.38393261803700307,0.49154913858116867,0.12451824338182824
139,0.3603520783398616,0.45115812448326686,0.18848979717687148
140,0.38320892349937674,0.3940823169933942,0.22270875950722913
141,0.0005340340868523717,0.008387021987862633,0.991078943925285
142,0.18721726493001728,0.48374855758556834,0.32903417748441444
143,0.6017996706810009,0.31516621440301174,0.0830341149159874
144,0.010041805979442797,0.08675012616412359,0.9032080678564337
145,0.07007754275682146,0.36416025012391223,0.5657622071192663
146,0.13210247227915575,0.4100194547167382,0.4578780730041061
147,0.03545248240836929,0.20935412730302738,0.7551933902886032
148,0.045766314586677126,0.1847809003774882,0.7694527850358347
149,0.040310010721106904,0.30550710581545715,0.654182883463436
150,0.0007024672325655276,0.015088589282830134,0.9842089434846044
151,0.0663149425411214,0.20722377734145145,0.7264612801174272
152,0.10395440694365887,0.5198456702321186,0.3761999228242226
153,0.07123737695312532,0.3899843420769774,0.5387782809698973
154,0.08679160971299299,0.3733951759891433,0.5398132142978637
155,0.006380469807688022,0.07402477953686162,0.9195947506554503
156,0.299792248065594,0.5254893821270357,0.17471836980737038
157,0.015511571739515036,0.3889568927514334,0.5955315355090516
158,0.023706266724795606,0.2549788143038303,0.7213149189713741
159,0.376944698453763,0.5160791179170694,0.10697618362916758
160,0.5510406980626692,0.4226490716490414,0.026310230288289417
161,0.486629711374714,0.4171316441306568,0.09623864449462921
162,0.1621207991024958,0.627417549843501,0.21046165105400316
163,0.00455985820162786,0.2988055767931983,0.6966345650051738
164,0.4636537051934966,0.4969858970525738,0.03936039775392945
165,0.7780838246122078,0.20468466529408338,0.017231510093708692
166,0.4094209689205984,0.4677902017044171,0.12278882937498448
167,0.01900309177080586,0.8856655424914306,0.09533136573776355
168,0.04792669657521227,0.6355877745920693,0.3164855288327186
169,0.39573255758464043,0.5855805696153481,0.01868687280001153
170,0.6208889575920722,0.3004747047333915,0.0786363376745363
171,0.04621742943300568,0.06987647167362165,0.8839060988933727
172,0.3208856604368736,0.6566340855725104,0.02248025399061608
173,0.0003610308265681821,0.016359836447109703,0.983279132726322
174,0.21621795150242654,0.3598702691968808,0.42391177930069257
175,0.019254330527159757,0.766776512065029,0.2139691574078113
176,0.0029668762700282097,0.1290158149548395,0.8680173087751324
177,0.09994308613544134,0.5256670710948665,0.37438984276969217
178,0.06272935133521124,0.08622700708658756,0.8510436415782012
179,0.005836453139665844,0.19117447644288,0.8029890704174543
180,0.032290723663550444,0.21337490248426993,0.7543343738521797
181,0.05977825261890099,0.5462574653727672,0.39396428200833183
182,0.10647898260316943,0.394922187288272,0.4985988301085586
183,0.26883126481244757,0.5813054303032609,0.14986330488429153
184,0.09376383244723664,0.5609276254931228,0.3453085420596406
185,0.0003194962500175847,0.010839840708274491,0.9888406630417079
186,0.1529587841473049,0.5596468578550923,0.2873943579976028
187,0.007422688141144267,0.13068408183646987,0.8618932300223858
188,0.14114865201372673,0.5686330291826304,0.2902183188036429
189,0.11018365064834068,0.5677566482448828,0.3220597011067765
190,0.08094401940278453,0.4462660572253453,0.4727899233718702
191,0.1479262702352809,0.48257206868076447,0.36950166108395466
192,0.005984777269280548,0.21747939175954611,0.7765358309711734
193,0.48535574799665937,0.4974772439579561,0.0171670080453845
194,0.8033981013405502,0.18606701239418902,0.010534886265260767
195,0.0008488467526639283,0.14413025728097523,0.8550208959663608
196,0.40133215971657366,0.43871699646342166,0.15995084382000463
197,0.04248738699905916,0.4497320436027934,0.5077805693981474
198,0.4052311931027462,0.5776779969041841,0.017090809993069687
199,0.05487526130260978,0.7612242603116981,0.18390047838569212
200,0.010025441689819921,0.4539108560772729,0.5360637022329073
201,0.13779555521473486,0.5443057017385671,0.3178987430466982
202,0.008546914800677359,0.13769711311914481,0.8537559720801778
203,0.0033410252549728107,0.18119283380391715,0.8154661409411099
204,0.08507562222659662,0.1896624356548883,0.7252619421185151
205,0.009524246385779315,0.14078117391420492,0.8496945797000157
206,0.017376913058545128,0.34097063843756825,0.6416524485038866
207,0.0033460365790667712,0.08580031984994962,0.9108536435709838
208,0.18169586049232228,0.5374167688572955,0.2808873706503823
209,0.3290332696771797,0.6566288226889734,0.01433790763384685
210,0.1597008770427108,0.6561964939106693,0.18410262904661992
211,0.24310213800669814,0.4202035391685681,0.3366943228247337
212,0.002061381731333782,0.06389592593997546,0.9340426923286909
213,0.3932455583441212,0.5828693918949082,0.023885049760970688
214,0.017942980131898358,0.05901672374969463,0.923040296118407
215,0.0031108874476730606,0.14549950881770796,0.8513896037346189
216,0.36196551886739237,0.591608302909085,0.04642617822352265
217,0.05914880878166277,0.26685611824296585,0.6739950729753712
218,0.31383852439761173,0.5965249101683803,0.08963656543400797
219,0.23217931584076693,0.615389951633732,0.15243073252550107
220,0.13743844528042265,0.24795508636500935,0.614606468354568
221,0.3502433603547582,0.5666812291453415,0.08307541049990023
222,0.005445414481970304,0.13989078891476694,0.8546637966032627
223,0.11533624345527374,0.5582589414259786,0.3264048151187475
224,0.008440821562809123,0.0976548818673739,0.893904296569817
225,0.1623495967996953,0.6257465415713337,0.21190386162897112
226,0.0019614794543099143,0.1352293429633183,0.8628091775823719
227,0.5379891834463786,0.42468224314027314,0.03732857341334825
228,0.1523182802237208,0.6307104773926926,0.21697124238358662
229,0.04391428864280511,0.6249256508801553,0.33116006047703966
230,0.04045403880103586,0.27971462236110534,0.6798313388378587
231,0.005597687329443288,0.20263652405547103,0.7917657886150857
232,0.5899710155439842,0.3695588216118296,0.04047016284418619
233,0.04073849619375977,0.21577004357221427,0.7434914602340261
234,0.1410830861170999,0.6871684856552932,0.17174842822760691
235,0.2517456363909154,0.48439594766186955,0.2638584159472151
236,0.5009791413093958,0.4760852023606068,0.02293565632999738
237,0.5000284970856363,0.4652927091715473,0.03467879374281638
238,0.2777521221326193,0.53116133129541,0.19108654657197072
239,0.0014639883292346173,0.08755462208330701,0.9109813895874583
240,0.5032953628238013,0.4309486115109182,0.06575602566528052
241,0.6459947373639343,0.2974455514622968,0.056559711173768935
242,0.019629720382089218,0.274423548825613,0.7059467307922979
243,0.09784250331975079,0.36935066705091046,0.5328068296293388
244,0.24575790657717167,0.5096816025564186,0.24456049086640974
245,0.09766147307425169,0.5059538090939333,0.39638471783181495
246,0.27087482552763753,0.3672032775908178,0.36192189688154475
247,0.6328721557734118,0.33026007004454744,0.03686777418204076
248,0.13645051912921474,0.4490660880121572,0.414483392858628
249,0.011414528164830625,0.18664030578351476,0.8019451660516546
250,0.32735683043435326,0.5217235602015642,0.15091960936408255
251,0.02666097836856607,0.16144199890049926,0.8118970227309347
252,0.3839840710415318,0.5864053716802953,0.029610557278172883
253,0.032759376600420345,0.2312937363483266,0.7359468870512531
254,0.0652086682866127,0.37237427339359513,0.5624170583197922
255,0.18746588394875774,0.5556593344470631,0.25687478160417915
256,0.7324925943323368,0.22312509252293888,0.04438231314472432
257,0.05419410334203925,0.5214222024607382,0.42438369419722255
258,0.2968871709033837,0.27046331687907454,0.4326495122175418
259,0.5869992431064687,0.39498669829514943,0.0180140585983819
260,0.6115907900559747,0.3519956905984371,0.03641351934558819
261,0.07845772458194107,0.23412265268939442,0.6874196227286644
262,0.002443354799235672,0.12485822288872708,0.8726984223120373
263,0.14435505859347977,0.7131107327279482,0.14253420867857203
264,0.08059815263910022,0.517757983282839,0.4016438640780608
265,0.4713821843563464,0.474767774276826,0.053850041366827625
266,0.40401167691060974,0.40580927509116504,0.19017904799822516
267,0.1954353920811662,0.570987030018816,0.23357757790001782
268,0.00046383704517373756,0.016754153403781204,0.9827820095510451
269,0.16829749550143097,0.5269842333230557,0.30471827117551337
270,0.15273785365380732,0.5712122302190704,0.27604991612712226
271,0.44560196671451624,0.37443366650843135,0.17996436677705235
272,0.0024805048122240997,0.21648286269585235,0.7810366324919236
273,0.09437102597245192,0.8096637929332251,0.09596518109432302
274,0.0004897544827887621,0.014768743888082568,0.9847415016291288
275,0.15199062670484215,0.6211075207372385,0.22690185255791923
276,0.6527453137512953,0.29740445953907285,0.04985022670963183
277,0.6440510651848292,0.34735857165107936,0.008590363164091484
278,0.05735596150246758,0.6480080058430087,0.2946360326545238
279,0.05389817452687502,0.2729664219139717,0.6731354035591532
280,0.1350016073122354,0.6512244298826577,0.21377396280510688
281,0.1120939987364957,0.43315155806842226,0.45475444319508207
282,0.0019709113486909586,0.04185819322599636,0.9561708954253128
283,0.09982257236330638,0.4723514784917327,0.42782594914496086
284,0.3999014074423906,0.46130096616248994,0.13879762639511956
285,0.16241525626494335,0.5694941519039187,0.2680905918311379
286,0.0018686408271490645,0.0505583624595098,0.947572996713341
287,0.001605334431347438,0.012162410953963906,0.9862322546146887
288,0.30590571673370437,0.5249044176167965,0.1691898656494992
289,0.015894030776981052,0.41934633325436843,0.5647596359686506
290,0.05098976248932733,0.28281819586774826,0.6661920416429243
291,0.6653995195979043,0.2966522011776775,0.03794827922441825
292,0.09673843982685383,0.6790350888333008,0.22422647133984536
293,0.06958956381662118,0.3110090235087207,0.6194014126746581
294,0.03314216581355924,0.8610071795685701,0.10585065461787069
295,0.2930649340008635,0.5344263609214263,0.17250870507771032
296,0.10946922281373403,0.5869404305759736,0.3035903466102925
297,0.007719074807316349,0.3742135725596696,0.618067352633014
298,0.0020063457754714905,0.08172895874433692,0.9162646954801916
299,0.0022787356532007813,0.057242565676879756,0.9404786986699194
300,0.10396912002969605,0.5295197552925931,0.3665111246777108
301,0.002966811646057607,0.07816539777744877,0.9188677905764937
302,0.02850714366010241,0.3187015281082968,0.6527913282316008
303,0.08372943085215924,0.4331036064805026,0.48316696266733816
304,0.009050492668340647,0.28329687415192656,0.7076526331797328
305,0.5965262846580883,0.34155627157091994,0.06191744377099172
306,0.018785570947935645,0.24053809701783338,0.740676332034231
307,0.01698101202258614,0.7080803658481902,0.2749386221292236
308,0.013999457297947646,0.017559881158229568,0.9684406615438228
309,0.5043109777015312,0.47119676346688416,0.024492258831584606
310,0.6244735254967555,0.3487975631844596,0.026728911318784958
311,0.633737977439581,0.3358105186033171,0.030451503957101902
312,0.5935939279671947,0.3811031183322331,0.025302953700572277
313,0.3275055869525607,0.39232817176889434,0.28016624127854506
314,0.02901554401852202,0.23179288913764234,0.7391915668438357
315,0.031309129042606826,0.620380205865631,0.3483106650917622
316,0.1587274386451175,0.4297712346156015,0.41150132673928097
317,0.3995987980990624,0.48690297499509994,0.11349822690583765
318,0.0006171235379279717,0.030435217192975463,0.9689476592690967
319,0.021023554898461708,0.15790502688238267,0.8210714182191556
320,0.5262348889175021,0.3778749478736738,0.09589016320882393
321,0.0010345326878228216,0.05595768325235259,0.9430077840598245
322,0.6775481801467907,0.3130586718401284,0.009393148013080856
323,0.46942536096280063,0.3514738772894066,0.17910076174779277
324,0.0061166779087731184,0.28903362973902164,0.7048496923522052
325,0.26451758450255697,0.5471876892515951,0.18829472624584787
326,0.1464976697886968,0.594301732735955,0.2592005974753482
327,0.04790054679499087,0.545166726363426,0.4069327268415831
328,0.10018533548472561,0.3893558729651692,0.5104587915501051
329,0.3660327803859421,0.46629749257966757,0.16766972703439031
330,0.024948056701810183,0.6314858493463471,0.3435660939518428
331,0.6944600172210694,0.296470377279115,0.009069605499815546
332,0.22244305800721198,0.45787530124470577,0.31968164074808225
333,0.3499165339732117,0.61029097544688,0.039792490579908316
334,0.12465332478708017,0.5814836548042399,0.29386302040867995
335,0.45471882502678174,0.42780427671240784,0.11747689826081048
336,0.0025527209705866684,0.12452844854085529,0.872918830488558
337,0.580451583825492,0.3312522646107606,0.08829615156374723
338,0.47513693324073974,0.34113020764142965,0.18373285911783066
339,0.05624681502358214,0.2972645927245888,0.646488592251829
340,0.08322687920858418,0.6131722202767177,0.30360090051469807
341,0.441157970177402,0.5218800407329163,0.03696198908968168
342,0.44035852469036163,0.5053821005155069,0.054259374794131426
343,0.10749818542729284,0.6935383287500215,0.19896348582268564
344,0.18060216203461643,0.5926010384915243,0.22679679947385922
345,0.4602718246566302,0.3876421421689351,0.15208603317443464
346,0.014892333271555593,0.20408080213981714,0.7810268645886272
347,0.07507569901009298,0.3313598043525644,0.5935644966373427
348,0.001375565731670185,0.06365462779609947,0.9349698064722303
349,0.4035890601076517,0.44263086120392986,0.15378007868841845
350,0.1129279051907505,0.6771185326369613,0.20995356217228822
351,0.09907019403830797,0.3819530534934643,0.5189767524682278
352,0.5923998392194785,0.39351407997357074,0.014086080806950941
353,0.10411132161272482,0.4305533582315485,0.46533532015572676
354,0.5200122924840327,0.46104684228579196,0.018940865230175408
355,0.05049567932006407,0.3122932016530872,0.6372111190268487
356,0.0407367726004614,0.42363779813458435,0.5356254292649543
357,0.3818414599923183,0.42006929080281746,0.19808924920486423
358,0.11411927202511428,0.35020578281737025,0.5356749451575155
359,0.08376356249864278,0.4882896253899198,0.42794681211143737
360,0.45976225352996186,0.4509748184410709,0.08926292802896722
361,0.07362905422398389,0.6096390302261712,0.31673191554984503
362,0.2372045124311819,0.6274522098763505,0.13534327769246762
363,0.3677227180600138,0.4931153226383932,0.13916195930159314
364,0.0499097465001164,0.48720982893304576,0.462880424566838
365,0.16463617944111292,0.5841130210507828,0.25125079950810436
366,0.2216199702112805,0.4351887220287237,0.3431913077599958
367,0.32837280796221746,0.5682510643774565,0.10337612766032606
368,0.05867945792961826,0.2887582261951112,0.6525623158752705
369,0.0017837109658632398,0.019010349194905036,0.9792059398392318
370,0.042756584702004524,0.33508262295033997,0.6221607923476555
371,0.7756387912668572,0.20334250938876283,0.021018699344379884
372,0.3226745250299138,0.49211261394565975,0.18521286102442647
373,0.3226731802998894,0.45774232134683424,0.21958449835327631
374,0.015529665263454553,0.2132425903717407,0.7712277443648048
375,0.05748868582231629,0.21858566195247764,0.723925652225206
376,0.032397305487375884,0.6232192723607894,0.34438342215183476
377,0.34051292093069274,0.5760090637005982,0.08347801536870908
378,0.002900176764927002,0.19846928054653518,0.7986305426885378
379,0.027109736944609136,0.4498305833685316,0.5230596796868594
380,0.23722061841836756,0.716834488813525,0.045944892768107454
381,0.7901903612374139,0.104091683755872,0.1057179550067141
382,0.33337159158768825,0.5637691283851801,0.10285928002713166
383,0.11532147710452387,0.6303232355302325,0.25435528736524365
384,0.07265898000116011,0.2819910225362145,0.6453499974626254
385,0.1470578536762438,0.49171177902627505,0.36123036729748115
386,0.11479078828704783,0.7160785731625214,0.16913063855043073
387,0.3002028025723213,0.3950622274408067,0.30473496998687194
388,0.7455012826083081,0.2000588256680524,0.054439891723639444
389,0.7608799492746385,0.2043845181575369,0.034735532567824676
390,0.06130981809099981,0.3731693845507116,0.5655207973582886
391,0.14911794804439799,0.45385181658926477,0.3970302353663372
392,0.2680252075803373,0.49190270899479155,0.2400720834248711
393,0.5054812632058646,0.4443158617918866,0.05020287500224878
394,0.9030937520757146,0.08401324617293614,0.012893001751349175
395,0.0025678978138783796,0.12530609279395918,0.8721260093921626
396,0.34186415764148237,0.6092133761310475,0.048922466227470096
397,0.17141257961706724,0.6222744371597785,0.2063129832231543
398,0.7358069714528339,0.2271178343175062,0.03707519422965991
399,0.1335514962095317,0.4885950105072269,0.37785349328324136
400,0.0048466769611147775,0.08476432894678139,0.9103889940921038
401,0.4298198417192722,0.4793019887658423,0.09087816951488559
402,0.13556294181776796,0.6619402003371802,0.20249685784505184
403,0.06941907378685427,0.5035084173007576,0.42707250891238824
404,0.338420548517784,0.5207857007372592,0.1407937507449568
405,0.0021519455703744275,0.052024566811881896,0.9458234876177437
406,0.7705710013296803,0.1649031665960298,0.06452583207429002
407,0.31023133086779153,0.5063645979452192,0.1834040711869892
408,0.03399280326461969,0.4601594196125488,0.5058477771228315
409,0.23521575173039183,0.5273800125506072,0.23740423571900104
410,0.11615696107165266,0.6387837382463852,0.2450593006819622
411,0.004893488099223298,0.00936517606592097,0.9857413358348557
412,0.6546893607451835,0.25080060045243846,0.0945100388023781
413,0.1194831032249275,0.7770986340450245,0.10341826273004792
414,0.009875336374741996,0.11578651406252063,0.8743381495627374
415,0.013901479703869311,0.23736344377719687,0.7487350765189338
416,0.016902640473005433,0.3702973038802741,0.6128000556467205
417,0.3076512351825676,0.5560324409444029,0.1363163238730295
418,0.9295464436118099,0.04101674195875587,0.029436814429434358
419,0.3654900473363894,0.5831054843603356,0.05140446830327504
420,0.0009459955911220857,0.01099921157146492,0.9880547928374129
421,0.3957119543833383,0.5271984153056382,0.07708963031102359
422,0.4752026586912973,0.43867418270936337,0.0861231585993393
423,0.0016165822186286905,0.016929506563003776,0.9814539112183676
424,0.13767131297311686,0.3755989620946519,0.4867297249322313
425,0.30428253674176464,0.6129890295160911,0.08272843374214417
426,0.006471895368885787,0.25119671888530554,0.7423313857458086
427,0.0527341668629788,0.22266152359171698,0.7246043095453042
428,0.2697292042415786,0.5121755602058107,0.21809523555261068
429,0.16496468476777432,0.6292555318425386,0.2057797833896871
430,0.00196449808381879,0.07694481903380064,0.9210906828823806
431,0.07262889412571484,0.5364968935227452,0.39087421235153985
432,0.08309441068239265,0.4478421085399513,0.469063480777656
433,0.04788171529258012,0.5088175066971312,0.4433007780102886
434,0.3101545167910477,0.5235260472593251,0.16631943594962728
435,0.8525659345129015,0.10810059540871582,0.03933347007838269
436,0.2162022053975503,0.6431077599829735,0.1406900346194762
437,0.19703854533615975,0.6134742239688413,0.1894872306949989
438,0.02055203131010962,0.2631437735897445,0.716304195100146
439,0.00200023513013175,0.07086037612093,0.9271393887489382
440,0.004718067882643546,0.05783179953647754,0.937450132580879
441,0.3807270362685908,0.4959906958480538,0.1232822678833555
442,0.5712993052126218,0.3587651995757428,0.06993549521163539
443,0.18196882133989795,0.5508345588709092,0.26719661978919285
444,0.0025371904833741913,0.14748882678028993,0.849973982736336
445,0.0004454132831835171,0.011039537382726797,0.9885150493340896
446,0.25973439278571836,0.665075659682316,0.07518994753196567
447,0.3246808644948194,0.4860011500650926,0.189317985440088
448,0.29663362482992395,0.6830844894105712,0.02028188575950483
449,0.00433119983698111,0.09768042450549869,0.8979883756575202
450,0.872719817815601,0.0901344759569199,0.037145706227479036
451,0.02696038567481299,0.36694436188227036,0.6060952524429166
452,0.18838834211515396,0.705812232581652,0.10579942530319414
453,0.4063005874037159,0.36579215705695256,0.2279072555393315
454,0.8780678281098471,0.11323189140121075,0.00870028048894219
455,0.003506368346835846,0.09978851730344657,0.8967051143497176
456,0.48976802836037453,0.290322221352334,0.21990975028729148
457,0.4709113556177653,0.494191570220918,0.03489707416131667
458,0.18252658204341704,0.4572625259840163,0.36021089197256667
459,0.24967336514946856,0.6062625752890438,0.14406405956148766
460,0.45907952429031645,0.5080419069663926,0.032878568743290974
461,0.5750399534800621,0.3566611161295383,0.06829893039039958
462,0.08649193249313664,0.6203193884300612,0.2931886790768022
463,0.35105378150190125,0.4503367657817934,0.1986094527163053
464,0.08705075915238411,0.5966673608240483,0.3162818800235676
465,0.22472709199345903,0.44118793578575277,0.33408497222078815
466,0.7469789081645793,0.2185324167279038,0.03448867510751684
467,0.10504320391497074,0.4619017040136225,0.4330550920714068
468,0.5587005313562168,0.3910846340976728,0.05021483454611041
469,0.27855465753086894,0.4876961041530319,0.23374923831609917
470,0.0026722392422220487,0.05057318653003439,0.9467545742277436
471,0.039027989330813265,0.26690821873735315,0.6940637919318335
472,0.005778952426805794,0.22720327745141253,0.7670177701217817
473,0.664869321317057,0.31694529585142917,0.018185382831513837
474,0.4113382906362283,0.39289457710636877,0.195767132257403
475,0.29929666182053705,0.47991704776759125,0.2207862904118717
476,0.748571781162219,0.23624832250302646,0.015179896334754434
477,0.004693295926301416,0.2589000597375155,0.736406644336183
478,0.47465865861254464,0.49397127824173526,0.03137006314572005
479,0.08818661319208393,0.5737543093480758,0.33805907745984026
480,0.21289985833351743,0.457486169207731,0.3296139724587515
481,0.04145189223230046,0.32527630354758824,0.6332718042201113
482,0.19967168695115942,0.7001183693263199,0.10020994372252069
483,0.026286150825151313,0.6324338411589296,0.34128000801591907
484,0.23215949975416061,0.5025205498717948,0.26531995037404466
485,0.06554824281555155,0.3134687058507432,0.6209830513337051
486,0.028995791177216658,0.7065920462223227,0.2644121626004606
487,0.8426644568752195,0.11472485318901954,0.04261068993576099
488,0.034405416758241755,0.782685160977401,0.18290942226435722
489,0.04131439806999464,0.6462152711645799,0.31247033076542546
490,0.006491499822475041,0.14581416701840788,0.8476943331591171
491,0.025499552220990315,0.793799640656962,0.1807008071220478
492,0.12136291070166344,0.5272148284910823,0.35142226080725425
493,0.1039322535814354,0.509274915524366,0.3867928308941987
494,0.26728432378247496,0.617772416846623,0.11494325937090208
495,0.0014366126830684023,0.04923473797142079,0.9493286493455109
496,0.9374257284571947,0.044061550806000396,0.018512720736804923
497,0.3697596476082493,0.6096215906189332,0.020618761772817448
498,0.0069373790335269855,0.041434365165052674,0.9516282558014204
499,0.280828520961694,0.433211900682998,0.28595957835530805
500,0.5942008034726145,0.39392756138589907,0.011871635141486448
501,0.0007246361930436607,0.037088580474625585,0.9621867833323309
502,0.05304245583143516,0.22852552507557622,0.7184320190929887
503,0.27867298268777596,0.34314070817285813,0.3781863091393658
504,0.07851410987818537,0.550490826698352,0.37099506342346256
505,0.40664510447272956,0.46370462854930505,0.1296502669779654
506,0.10746111019330519,0.35978427589061335,0.5327546139160815
507,0.1105783199484261,0.5331550281332579,0.35626665191831597
508,0.1944782948539074,0.34268215659074286,0.4628395485553498
509,0.8714614318192628,0.11291186319325558,0.01562670498748153
510,0.06509478667824709,0.278121062842972,0.6567841504787808
511,0.013858912506673874,0.28077967471905074,0.7053614127742754
512,0.11978621807956771,0.5259064954961687,0.35430728642426346
513,0.028000186920784535,0.4383650432232916,0.5336347698559238
514,0.00045514110926675336,0.00701048148202945,0.9925343774087039
515,0.005285214085687614,0.27960575810974025,0.7151090278045722
516,0.018525160861361408,0.2591615366642799,0.7223133024743588
517,0.23112075104881052,0.5111333096170209,0.2577459393341686
518,0.29416473444025654,0.5059901073876298,0.19984515817211373
519,0.30299079112090244,0.526029659725701,0.17097954915339653
520,0.09014738080893615,0.608075578535028,0.3017770406560357
521,0.3654900473363894,0.5831054843603356,0.05140446830327504
522,0.006923394947414974,0.15006478986393226,0.8430118151886528
523,0.1840243737927525,0.6884399660650993,0.1275356601421483
524,0.1387295852301421,0.6836697350206434,0.1776006797492145
525,0.2621596280949547,0.3695211684190157,0.36831920348602964
526,0.3548688834326451,0.47719319403011856,0.16793792253723638
527,0.17613255495136906,0.4888227867767856,0.3350446582718453
528,0.49474756143508103,0.486721751618475,0.018530686946444046
529,0.304194185624786,0.4255285375144022,0.2702772768608117
530,0.08727191795824871,0.4218502519330729,0.4908778301086784
531,0.38138201730985966,0.3724584034011922,0.2461595792889481
532,0.12562030216795889,0.09949181424491521,0.7748878835871258
533,0.08978983017136224,0.2903620626525112,0.6198481071761266
534,0.2401834715570122,0.4573889567196865,0.3024275717233013
535,0.04391428864280511,0.6249256508801553,0.33116006047703966
536,0.24654925047587609,0.6451233410421889,0.10832740848193502
537,0.014444876568597342,0.14217254277668193,0.8433825806547208
538,0.6065791875159148,0.3495666692005327,0.04385414328355258
539,0.20267629121372296,0.5568651087789008,0.24045860000737623
540,0.1823029684285663,0.40427150168637904,0.41342552988505465
541,0.06439482887383749,0.3128475730485905,0.6227575980775719
542,0.36214596611867017,0.5829177929427604,0.05493624093856951
543,0.41097240234889765,0.5386508275301962,0.05037677012090626
544,0.024248674027044857,0.295704148064894,0.6800471779080612
545,0.05021937666412882,0.3507558612797917,0.5990247620560795
546,0.9295878954415064,0.058745274363524905,0.011666830194968694
547,0.970927970209674,0.02261542951745319,0.006456600272872728
548,0.47944726754779854,0.4569123637239349,0.0636403687282665
549,0.41652529340173505,0.4867265845405325,0.0967481220577325
550,0.5076290185912034,0.4269182188357744,0.0654527625730222
551,0.10235331466284028,0.6961792977454979,0.2014673875916619
552,0.32408377233821506,0.41259934546609256,0.2633168821956924
553,0.24183865245743336,0.711067299760076,0.047094047782490586
554,0.08231482754482375,0.47272446821602193,0.44496070423915424
555,0.40031390196434596,0.58600488966361,0.013681208372044056
556,0.15432550175667348,0.5273809385781183,0.31829355966520817
557,0.2626928611996671,0.3555550299013376,0.38175210889899525
558,0.005647883682419271,0.12308147511583867,0.8712706412017421
559,0.555534650459754,0.4072851364159027,0.03718021312434328
560,0.007389813588200547,0.16253201967753894,0.8300781667342605
561,0.27777316486120035,0.31828556152735127,0.4039412736114484
562,0.00047227918675610004,0.009439467950458622,0.9900882528627853
563,0.06921302358015519,0.5272155450164566,0.4035714314033881
564,0.9678672630220212,0.020927590435015193,0.011205146542963776
565,0.10566554834124242,0.7908903313645863,0.10344412029417124
566,0.07300131007395105,0.7702702640700345,0.15672842585601432
567,0.09494028396684875,0.6712628521939619,0.23379686383918943
568,0.10148757573494685,0.6359935360003576,0.2625188882646955
569,0.0008451749387962449,0.03861930685538228,0.9605355182058215
570,0.00038615093453734685,0.013235751108293113,0.9863780979571695
571,0.32930434927292107,0.5026718130631274,0.16802383766395157
572,0.6414284426830921,0.3469177339374219,0.011653823379486013
573,0.3841524178777836,0.38003885640170665,0.23580872572050965
574,0.31296514447757906,0.6627081969399837,0.02432665858243714
575,0.04613776977582193,0.4966050755797792,0.45725715464439876
576,0.047251156052340065,0.4674657334489627,0.4852831104986972
577,0.13833028363945704,0.4102542390412241,0.45141547731931886
578,0.005793328563134383,0.1661406554010607,0.8280660160358049
579,0.0025312277036684296,0.07688733709389048,0.9205814352024411
580,0.0036050429871312744,0.13670523162364434,0.8596897253892244
581,0.0019147930234247681,0.11091971873084644,0.8871654882457288
582,0.4523993208160052,0.5243836820133312,0.02321699717066357
583,0.3814394580361028,0.5508178799850656,0.0677426619788316
584,0.007305248849843873,0.13587694129052755,0.8568178098596284
585,0.5115419886254267,0.3983259733194748,0.09013203805509859
586,0.8190870636690054,0.1562131735319369,0.024699762799057744
587,0.00033673908179943644,0.021021606821296834,0.9786416540969037
588,0.5713216118129347,0.32713471705042385,0.10154367113664141
589,0.0005090456208181037,0.016872879329360792,0.9826180750498211
590,0.2452546364709266,0.48909090433634816,0.26565445919272535
591,0.5864339268665573,0.3755747095228437,0.03799136361059898
592,0.4462861058877453,0.5403072619762161,0.013406632136038502
593,0.001503783937123209,0.04382764143903995,0.9546685746238368
594,0.6158393465120378,0.2511376653819191,0.13302298810604318
595,0.4910795420054952,0.4385140374299551,0.07040642056454978
596,0.2101531252858977,0.44896055664417267,0.3408863180699297
597,0.4739192874246929,0.392322080695209,0.13375863188009818
598,0.1034502162499002,0.45806718223897613,0.4384826015111236
599,0.44555261071776786,0.47749330195903816,0.07695408732319384
600,0.007712555661342027,0.06378248097663855,0.9285049633620193
601,0.6849394234539867,0.2873797389747834,0.02768083757122984
602,0.0006131551608970832,0.006232297886777717,0.9931545469523252
603,0.09541644585831233,0.5443065993760543,0.36027695476563326
604,0.18927273176531906,0.5285809710360787,0.2821462971986021
605,0.000731010103201693,0.015558817366281152,0.9837101725305171
606,0.6943570534036148,0.2522501803868084,0.053392766209576975
607,0.05522119738984564,0.35819951601407785,0.5865792865960764
608,0.07571821009411059,0.2631037596597584,0.6611780302461309
609,0.009834384940766251,0.19958237689340697,0.7905832381658269
610,0.18746588394875774,0.5556593344470631,0.25687478160417915
611,0.4723227699494472,0.5108706001312744,0.01680662991927838
612,0.0013013144256134668,0.24551145027386118,0.7531872353005253
613,0.04225337926326883,0.1845700919870091,0.7731765287497221
614,0.06276653275077163,0.42624705903152604,0.5109864082177025
615,0.03326628303832526,0.206784085472195,0.7599496314894798
616,0.07593621521972013,0.6969108855613918,0.2271528992188881
617,0.005893802032517593,0.14070157209511144,0.8534046258723709
618,0.478596962339187,0.3154292035864216,0.20597383407439135
619,0.0037422307038462096,0.13122683963026263,0.8650309296658911
620,0.3332923634770111,0.5335696644791792,0.13313797204380975
621,0.27401549963362615,0.37995997829446027,0.3460245220719136
622,0.007379666379904324,0.27884826429808507,0.7137720693220106
623,0.7046158453967999,0.24885697707095944,0.0465271775322407
624,0.006066335863185685,0.3317611101187403,0.662172554018074
625,0.015221705889349159,0.7203515938198326,0.2644267002908183
626,0.5800674152548316,0.3318629627430766,0.08806962200209188
627,0.171856368592296,0.5953674045866859,0.232776226821018
628,0.6622780694945829,0.3273555039214121,0.010366426584005141
629,0.4289433645776646,0.47252100020626064,0.09853563521607481
630,0.245439283238812,0.5542129553119085,0.20034776144927957
631,0.213364169865866,0.6356093162833576,0.15102651385077642
632,0.5606410007599254,0.3666080230958276,0.07275097614424686
633,0.3957201951895065,0.4917839567598153,0.11249584805067828
634,0.2697584454673959,0.5782785246350413,0.15196302989756283
635,0.23387825276181218,0.6356361073378853,0.13048563990030254
636,0.16012027122558553,0.6396387274979196,0.20024100127649486
637,0.14679681283623985,0.5645441725854141,0.288659014578346
