ID,high,medium,low
1,0.6010356973762356,0.34146022789780767,0.05750407472595661
2,0.23292150216442908,0.5967235674394817,0.1703549303960891
3,0.028942861107039492,0.2201057391579459,0.7509513997350146
4,0.31479282222870253,0.5207108212584485,0.16449635651284897
5,0.008696280724593834,0.041232073750036166,0.95007164552537
6,0.01399101435462694,0.15953086616218543,0.8264781194831878
7,0.07313633538201572,0.34479987789302163,0.5820637867249625
8,0.24867316909667378,0.5975663783969535,0.15376045250637288
9,0.4431377313872937,0.36995454809510586,0.18690772051760032
10,0.2454299365969575,0.4405405291306371,0.3140295342724053
11,0.17629352872713414,0.5882776603662057,0.23542881090666018
12,0.22950252534456067,0.6160940997717717,0.15440337488366776
13,0.027477171946937634,0.17081028734364367,0.8017125407094188
14,0.17728335461127412,0.4014240244737269,0.4212926209149991
15,0.11275067260515377,0.3956224960019343,0.49162683139291186
16,0.04874039431821435,0.3877638571016563,0.5634957485801293
17,0.054349835486283436,0.22266956590156006,0.7229805986121564
18,0.09705791090210103,0.45069276968443217,0.45224931941346674
19,0.496935138437325,0.3971743786211849,0.10589048294149009
20,0.25474586965657486,0.5541754922280497,0.19107863811537537
21,0.16884525404098244,0.591856667276153,0.2392980786828644
22,0.03698430810160762,0.08722180185307275,0.8757938900453197
23,0.13239969037471838,0.3536314124047728,0.5139688972205088
24,0.018698888055744118,0.3459824121470533,0.6353186997972025
25,0.2753577768155516,0.4616071710702069,0.26303505211424144
26,0.10608750290058007,0.39630835293594113,0.49760414416347876
27,0.249093382290596,0.3074212619101883,0.4434853557992156
28,0.6549703522405574,0.29019570632347536,0.054833941435967225
29,0.06799787863212925,0.25535729318871975,0.676644828179151
30,0.18480946996736763,0.6582184838770117,0.1569720461556208
31,0.27526827878523974,0.33597562113367896,0.38875610008108125
32,0.48316570956746485,0.41371118254967476,0.10312310788286043
33,0.03927381570473307,0.1813698496978481,0.7793563345974188
34,0.04803163234742355,0.26031786537124624,0.6916505022813302
35,0.1886884851849147,0.477333806241431,0.3339777085736542
36,0.007927847819725147,0.029071799288703015,0.9630003528915718
37,0.1997169370288681,0.5418551731956829,0.258427889775449
38,0.2309274451107411,0.5185684867202234,0.25050406816903553
39,0.4352571531957219,0.44911783721257076,0.11562500959170732
40,0.6068391317705631,0.2423984529699709,0.15076241525946596
41,0.10009451668489996,0.42861178942520306,0.47129369388989695
42,0.41107647926311514,0.4334538279545658,0.15546969278231898
43,0.043780005262250794,0.22848649985120803,0.727733494886541
44,0.08565213405902536,0.5881925810025572,0.3261552849384174
45,0.0839405134694663,0.5506909702667544,0.3653685162637793
46,0.6288742643868539,0.3149653710689777,0.05616036454416844
47,0.164725214431235,0.3997211700115987,0.4355536155571663
48,0.093095248624809,0.6148675967162633,0.2920371546589277
49,0.2551742744599262,0.43243487712576495,0.31239084841430886
50,0.5271373994334188,0.378108197192989,0.09475440337359234
51,0.4507432669063284,0.406912578067889,0.14234415502578254
52,0.735717725599484,0.2333829374324937,0.030899336968022263
53,0.3232049132681903,0.46972574826050073,0.207069338471309
54,0.592490695539569,0.2702323170892078,0.13727698737122304
55,0.044297990156887485,0.17466939795356984,0.7810326118895425
56,0.0601334148583166,0.6097728697662681,0.3300937153754152
57,0.17202348113366794,0.3883444429314103,0.4396320759349218
58,0.021022439947660457,0.09278182736033633,0.8861957326920032
59,0.30956346250354894,0.4955157900042466,0.1949207474922044
60,0.050489667852895784,0.3793919941112371,0.5701183380358671
61,0.07531109473308406,0.36072321102207416,0.5639656942448418
62,0.19898184682767295,0.5135111934058461,0.287506959766481
63,0.1836738198687275,0.4869791898837456,0.3293469902475269
64,0.13058267227404724,0.3578624739527468,0.5115548537732059
65,0.4343464444437112,0.39014446725589386,0.17550908830039486
66,0.4949317274027056,0.39559124854769867,0.10947702404959574
67,0.06663751734976624,0.18536523234179675,0.747997250308437
68,0.26570604609135917,0.5695858158448306,0.16470813806381032
69,0.31552696913232325,0.5504556023849236,0.13401742848275316
70,0.01477469119803709,0.1379900197390584,0.8472352890629045
71,0.11384616068675006,0.28638644884540726,0.5997673904678427
72,0.3596578180533517,0.5329654500550993,0.10737673189154902
73,0.2351693938071378,0.5444841618265535,0.22034644436630865
74,0.10393508703721488,0.23287125194111358,0.6631936610216715
75,0.15503596564995442,0.6576557040223344,0.18730833032771108
76,0.6190944787989116,0.2899285511771677,0.09097697002392083
77,0.017130881399929212,0.28750233952872817,0.6953667790713427
78,0.06056993928149525,0.5674700603173191,0.3719600004011857
79,0.21418423568648226,0.5366246257368469,0.24919113857667083
80,0.2796750128875285,0.5416137754617062,0.17871121165076537
81,0.012254213820415687,0.04535988622963856,0.9423858999499457
82,0.22120543660053832,0.6005397142639335,0.1782548491355281
83,0.052745356426940594,0.19106734327343633,0.7561873002996231
84,0.09691091388139829,0.5551792057267487,0.347909880391853
85,0.0978854307519492,0.4479009749850597,0.454213594262991
86,0.26560361362148843,0.3638134824785323,0.37058290389997917
87,0.06309237908382664,0.4062323428799018,0.5306752780362717
88,0.17125038924335617,0.41839185863074224,0.4103577521259016
89,0.0790247268954035,0.3477975167007843,0.5731777564038121
90,0.24564894792982378,0.4482689414461043,0.306082110624072
91,0.012422296371271199,0.0549682675916911,0.9326094360370376
92,0.27634535599332744,0.5079874490208537,0.2156671949858188
93,0.6206544680155293,0.22255473513809793,0.15679079684637282
94,0.2333592268169268,0.42503405161223623,0.34160672157083694
95,0.5567589965847402,0.3754774630567582,0.0677635403585016
96,0.11182454241245063,0.6429298153322511,0.2452456422552982
97,0.6693140570207969,0.27316623552902963,0.05751970745017341
98,0.04613603778703341,0.3536413481525396,0.600222614060427
99,0.24722392517277916,0.3472511637040809,0.40552491112313993
100,0.33744645730223227,0.46829052156204354,0.1942630211357242
101,0.06116315794314901,0.4077102226517605,0.5311266194050905
102,0.22960699212175467,0.532388337267993,0.23800467061025238
103,0.32087046646869516,0.48919123422813116,0.18993829930317374
104,0.3280764915858526,0.4965429868505356,0.17538052156361172
105,0.42323027959165954,0.496779637087463,0.07999008332087752
106,0.42646023814716266,0.46746218381757954,0.10607757803525786
107,0.2390640625687508,0.4624599688192726,0.2984759686119767
108,0.15879119214823792,0.7016284945479447,0.13958031330381732
109,0.17077525831830362,0.2999616257704666,0.5292631159112297
110,0.32270644117553066,0.48702374167007323,0.19026981715439611
111,0.020480453435237106,0.18431614236615376,0.7952034041986091
112,0.03528086921965616,0.43454965328874007,0.5301694774916037
113,0.03671207630919242,0.35190546143913193,0.6113824622516757
114,0.3440671362759696,0.4013487315965822,0.2545841321274483
115,0.4552479146517084,0.4420240026734767,0.10272808267481495
116,0.29822352885827197,0.4660559844918368,0.23572048664989115
117,0.016558290552080492,0.07935748793340566,0.9040842215145137
118,0.4330619776435767,0.375191577706924,0.1917464446494992
119,0.2860411030246676,0.377953056097438,0.33600584087789437
120,0.390150017056219,0.46346639132691647,0.14638359161686448
121,0.16317379870666635,0.5493871192231099,0.2874390820702238
122,0.009753929465478492,0.04005016511245638,0.9501959054220652
123,0.04288921741571797,0.1382453329660414,0.8188654496182405
124,0.11305182445004758,0.5201173731108965,0.366830802439056
125,0.03433279628567907,0.4143941932821694,0.5512730104321515
126,0.16967245038880602,0.6704488295670197,0.1598787200441743
127,0.2394966135326968,0.5450398514730311,0.215463534994272
128,0.545936580107196,0.32408553161552955,0.12997788827727447
129,0.10449115900776193,0.34239472689657424,0.5531141140956638
130,0.010975313165847092,0.1528284549217779,0.8361962319123748
131,0.3263281754416432,0.5313756204640063,0.1422962040943504
132,0.14372082089199104,0.6641507575196702,0.19212842158833857
133,0.46664082106628096,0.2765947679628961,0.2567644109708229
134,0.2824796683968952,0.45436575869321966,0.2631545729098852
135,0.09668262004549724,0.29684250422714265,0.6064748757273601
136,0.10333073283263235,0.45819683692603486,0.43847243024133276
137,0.33981828683088555,0.4217306133685401,0.2384510998005743
138,0.2940421841620108,0.4425108051857534,0.26344701065223575
139,0.12038231160160191,0.29136318583735127,0.5882545025610468
140,0.20739363891762924,0.4175736846231103,0.37503267645926053
141,0.003800099323301153,0.02587565374289901,0.9703242469337999
142,0.06046616017130054,0.8367355527159898,0.10279828711270969
143,0.5070061398692557,0.3841736567789449,0.10882020335179947
144,0.047006650914349565,0.4860082799815613,0.4669850691040892
145,0.22457032105666688,0.3611268598016994,0.4143028191416337
146,0.1258974700431372,0.46856758757806755,0.4055349423787953
147,0.19388928048389512,0.2596063477566123,0.5465043717594927
148,0.06747400799004394,0.2807774280039493,0.6517485640060069
149,0.06425313465826095,0.4591637231638635,0.4765831421778756
150,0.0074728121918444575,0.0396871489932074,0.9528400388149482
151,0.14273295200349048,0.2731962961272364,0.584070751869273
152,0.22070728058910224,0.6080937137510289,0.17119900565986879
153,0.11008358883608489,0.31863982160610826,0.5712765895578069
154,0.4565672035857573,0.2169860852252691,0.32644671118897356
155,0.08603733891902135,0.2604950880020104,0.6534675730789683
156,0.38594366250143264,0.46997781478627587,0.14407852271229146
157,0.09895942603682945,0.4161664167497574,0.48487415721341315
158,0.03774925115912864,0.4454799928693126,0.5167707559715586
159,0.4023965409797919,0.3496045326724247,0.24799892634778348
160,0.4206981493590634,0.45317605423663687,0.12612579640429963
161,0.5445807435278107,0.33191788117935894,0.12350137529283045
162,0.16738219417143765,0.674729609124304,0.1578881967042584
163,0.03492230084157054,0.28215157838919314,0.6829261207692363
164,0.3152815934248632,0.4998754812019244,0.1848429253732124
165,0.3166418983531519,0.5773915276091893,0.10596657403765881
166,0.22568740772223855,0.5300617584469179,0.24425083383084342
167,0.08616171505860673,0.7132755665841826,0.20056271835721068
168,0.06031768282677101,0.5036447918597523,0.4360375253134766
169,0.3384244991855666,0.5358456146618532,0.12572988615258018
170,0.4081939581814594,0.4560648733348295,0.1357411684837111
171,0.07994450619972948,0.4696739153525423,0.4503815784477281
172,0.29069159076212153,0.5921900683896035,0.11711834084827495
173,0.029619010492555588,0.10471879281656374,0.8656621966908806
174,0.23362487282906477,0.3053875108731758,0.4609876162977594
175,0.13937749324447812,0.5939630187172434,0.2666594880382785
176,0.029639764675173586,0.1719174274341857,0.7984428078906406
177,0.27401797093927577,0.4108537066892956,0.3151283223714286
178,0.07290995361315623,0.38653863875259864,0.5405514076342453
179,0.05364956871649147,0.3415983278144934,0.6047521034690152
180,0.10498467637757414,0.27028609721768293,0.6247292264047429
181,0.09665429813813053,0.7028856614613649,0.20046004040050472
182,0.15585032219143377,0.27859135550147146,0.5655583223070947
183,0.23088796576353166,0.48398751003153817,0.2851245242049301
184,0.29169279392354336,0.45333782737096523,0.2549693787054914
185,0.009189681581570913,0.06616133557149123,0.9246489828469378
186,0.18388718431673118,0.5259737991850338,0.29013901649823515
187,0.03376652998077942,0.41946570316246296,0.5467677668567578
188,0.19779876702888397,0.5095898272579048,0.2926114057132113
189,0.11543224364703701,0.3053805039433462,0.5791872524096167
190,0.026769684629795253,0.34786918066595773,0.6253611347042469
191,0.10340778754080879,0.469063531052279,0.4275286814069122
192,0.0450586804994189,0.21140525170188726,0.7435360677986939
193,0.4735062899371497,0.4309781498846251,0.09551556017822523
194,0.7335448428399036,0.19373913356271782,0.07271602359737854
195,0.008123134431232108,0.0709379438486267,0.9209389217201412
196,0.12604220375787417,0.6459517348065396,0.22800606143558616
197,0.05064347759770075,0.30073830609669494,0.6486182163056043
198,0.5891025671917162,0.3271579844420378,0.08373944836624599
199,0.053276352068719425,0.556597983237226,0.3901256646940547
200,0.043787667895321646,0.33090420787647173,0.6253081242282066
201,0.18764129027191376,0.5225817377276984,0.28977697200038777
202,0.012988974292555563,0.17714431396750452,0.8098667117399397
203,0.0250301576277217,0.3262195812796498,0.6487502610926285
204,0.2687809371204993,0.2626429315043245,0.4685761313751762
205,0.038084150687509644,0.18133163781036957,0.7805842115021207
206,0.019883328796822225,0.25195115311765964,0.7281655180855182
207,0.040591012014939774,0.09083539890370738,0.8685735890813528
208,0.10705838753825772,0.5761223780644256,0.31681923439731674
209,0.5287639771218344,0.34108686218217443,0.13014916069599117
210,0.48107500006742876,0.38900722086309586,0.12991777906947535
211,0.3255151811055931,0.4459355941551887,0.2285492247392183
212,0.04454265337346165,0.11808851485622315,0.8373688317703152
213,0.6205222107828055,0.3187330301498395,0.06074475906735499
214,0.21224601187312447,0.3016154948479353,0.4861384932789402
215,0.0162921913694803,0.14636255659681402,0.8373452520337056
216,0.1640302535994757,0.504116804709515,0.3318529416910093
217,0.061186986565061795,0.1868684975725098,0.7519445158624284
218,0.03942220147862606,0.8182981642592692,0.14227963426210466
219,0.2795166272839958,0.28695098123065715,0.4335323914853471
220,0.10879090149715084,0.3922681787112537,0.4989409197915954
221,0.2926881639495405,0.5152274060273456,0.19208443002311384
222,0.019319507706189704,0.250586606188572,0.7300938861052384
223,0.07545088510656918,0.20120816360332078,0.72334095129011
224,0.09707972560557362,0.3072190408048382,0.5957012335895882
225,0.22620772280639617,0.6429952619306738,0.13079701526292994
226,0.07063708508398844,0.4051248145869019,0.5242381003291096
227,0.3414719264506836,0.5849521584249053,0.07357591512441103
228,0.24883676142590114,0.6056597424402267,0.14550349613387228
229,0.11430366550863133,0.53444609751287,0.3512502369784988
230,0.11184549343623185,0.2881477756559747,0.6000067309077934
231,0.03499361794640324,0.294232637651552,0.6707737444020447
232,0.6948218332049682,0.2414157116421834,0.06376245515284838
233,0.02562592735179515,0.15389326227181366,0.8204808103763911
234,0.056648471492950395,0.5136858604967212,0.4296656680103285
235,0.11053380084767492,0.6180905151869823,0.27137568396534284
236,0.5444182673461169,0.3970675981112509,0.05851413454263206
237,0.22809521160710422,0.5666422541139842,0.20526253427891153
238,0.2904043265466353,0.4879234600366903,0.22167221341667442
239,0.023823922953284723,0.157997105931289,0.8181789711154263
240,0.36202025807846655,0.494627637983397,0.14335210393813658
241,0.676588599142476,0.21633857837888898,0.1070728224786349
242,0.038005810955045974,0.16315960873290986,0.7988345803120442
243,0.048920392004890484,0.343920200873605,0.6071594071215045
244,0.31811370606026157,0.28793148680611363,0.39395480713362474
245,0.1684796548183332,0.5463698767902538,0.2851504683914131
246,0.37067469910660766,0.3904829698993285,0.23884233099406388
247,0.4261275463979469,0.36872887842459395,0.20514357517745915
248,0.3658141071487525,0.3232949134440787,0.31089097940716887
249,0.017830888055949328,0.2831752593464062,0.6989938525976446
250,0.23778583081805732,0.4918679692500981,0.2703461999318445
251,0.022188713495529068,0.1835886920722531,0.7942225944322179
252,0.3850192671030458,0.4802846171607663,0.1346961157361879
253,0.11669565702103088,0.3489837562356313,0.5343205867433378
254,0.10232011300029886,0.4943030107434108,0.40337687625629026
255,0.49133552082777754,0.41162972983979396,0.09703474933242859
256,0.5746376598256816,0.33210088387382736,0.09326145630049096
257,0.07887964138827298,0.6838161648130601,0.23730419379866702
258,0.39222922126958626,0.4273456963339822,0.18042508239643162
259,0.4954596730924331,0.4017793552516065,0.10276097165596032
260,0.5778048126724581,0.3546594000713862,0.06753578725615568
261,0.08755239244142132,0.30823517141696455,0.6042124361416141
262,0.033968235621638414,0.2625729065376287,0.7034588578407328
263,0.5187221131503685,0.39646836925506945,0.08480951759456191
264,0.17475598780646723,0.33960554369000073,0.48563846850353193
265,0.45209018456994166,0.4483224530963648,0.09958736233369365
266,0.521411396897827,0.36205304472245203,0.11653555837972088
267,0.3048559120997812,0.3100045256789148,0.3851395622213041
268,0.006835978385525333,0.023630718122397983,0.9695333034920768
269,0.1774690741850967,0.5910503145075926,0.23148061130731074
270,0.1098901926601507,0.628845924678353,0.26126388266149625
271,0.792955876884957,0.1194437836624577,0.08760033945258529
272,0.019831098496020994,0.08335416650558519,0.8968147349983939
273,0.04988675647840139,0.28980203577972014,0.6603112077418783
274,0.010571649257467165,0.1237390915821239,0.865689259160409
275,0.14575845229328915,0.7528061614663055,0.10143538624040542
276,0.6460971323328145,0.27805971117602457,0.07584315649116082
277,0.4329612966704454,0.4258525545653386,0.14118614876421595
278,0.21453392631821483,0.5756918729146665,0.2097742007671187
279,0.0437307849182226,0.4300170694562285,0.526252145625549
280,0.12265979597154622,0.5771181391225284,0.3002220649059254
281,0.13378715615057077,0.48907852446496447,0.3771343193844647
282,0.014664387171476242,0.03189468899093059,0.9534409238375933
283,0.06984143118398997,0.4743838442307937,0.45577472458521634
284,0.24351556597584034,0.53259227125378,0.22389216277037974
285,0.2946355690450851,0.40228017402045974,0.3030842569344552
286,0.007785100018302099,0.05446722604119496,0.937747673940503
287,0.012395938568601845,0.07072278756853403,0.916881273862864
288,0.2593828594807276,0.6005691516150437,0.14004798890422893
289,0.08209497779791528,0.5095811942876112,0.4083238279144735
290,0.09081023097608518,0.2754809487720558,0.633708820251859
291,0.2802127691374089,0.5913726869712118,0.12841454389137938
292,0.1483317777516732,0.5459685034765576,0.3056997187717692
293,0.1560160916636088,0.3905997176152794,0.45338419072111186
294,0.09437349744434584,0.5723734474680338,0.3332530550876203
295,0.2724030608068916,0.5219266939536749,0.20567024523943345
296,0.0830878399053054,0.3635010081951513,0.5534111518995435
297,0.03917123289886199,0.35798310586485943,0.6028456612362787
298,0.02930181180961939,0.24999174453917608,0.7207064436512045
299,0.019314380232817178,0.15802602960158127,0.8226595901656015
300,0.250844693549502,0.6132271035508563,0.13592820289964158
301,0.1069441067566419,0.24111821533236166,0.6519376779109963
302,0.05504019889821481,0.4392801642881576,0.5056796368136276
303,0.1939667767589977,0.5189929076258271,0.28704031561517523
304,0.042636801716749495,0.4360779174768827,0.5212852808063678
305,0.6269318769612152,0.2982308470439154,0.07483727599486933
306,0.023159219651209206,0.10846625597512785,0.8683745243736629
307,0.07736919935304783,0.5789479674156258,0.3436828332313263
308,0.011183933265782257,0.054364197817481544,0.934451868916736
309,0.4300938157457326,0.48873108858650677,0.08117509566776068
310,0.5039278700320033,0.3925102127181286,0.10356191724986807
311,0.5501310914547719,0.3735906111525168,0.0762782973927113
312,0.38871596210680665,0.5089176366754002,0.10236640121779308
313,0.43800146190086436,0.3514227984722095,0.21057573962692605
314,0.06990296767741097,0.33199576758652427,0.5981012647360647
315,0.22846253383961884,0.5266352190305872,0.24490224712979392
316,0.3335130864740682,0.39942603628613654,0.2670608772397952
317,0.38593772559498396,0.4716497514379417,0.14241252296707438
318,0.014373466385746955,0.09494954962170679,0.8906769839925464
319,0.06292747851258174,0.21881132010534174,0.7182612013820766
320,0.5647560942772915,0.3676250434034147,0.06761886231929393
321,0.014031399988043277,0.06685799526471005,0.9191106047472468
322,0.7100755829787968,0.21722039427171044,0.07270402274949275
323,0.5202668251622216,0.30275177952360555,0.17698139531417292
324,0.054689950585709725,0.38314967554873836,0.5621603738655518
325,0.24977714144246024,0.46789690343083556,0.2823259551267042
326,0.25288770510435776,0.5770189166642231,0.1700933782314193
327,0.0879728026521173,0.23896581397894426,0.6730613833689383
328,0.21699452507639022,0.43624590887226067,0.34675956605134917
329,0.2246105513227631,0.5413239305990618,0.23406551807817508
330,0.059576384915198954,0.32727789767651594,0.6131457174082852
331,0.6520469345962444,0.2700696386738504,0.07788342672990531
332,0.42387556947008875,0.43741487167039095,0.13870955885952035
333,0.41817462702885155,0.3453933067529735,0.236432066218175
334,0.1505549654793541,0.5628764742615995,0.28656856025904637
335,0.5451579193758802,0.3113281784649325,0.14351390215918733
336,0.016420308840101337,0.0794900612519843,0.9040896299079144
337,0.28018949999973125,0.5514830976679116,0.16832740233235705
338,0.29487575100393826,0.4882126458733489,0.21691160312271296
339,0.17685974511010696,0.528154398334736,0.29498585655515697
340,0.2388059968442918,0.5951088612486759,0.1660851419070323
341,0.518121726169556,0.4009244259081449,0.08095384792229925
342,0.5312188861782563,0.4042134095382128,0.06456770428353087
343,0.1094865271022274,0.6663667118837463,0.22414676101402634
344,0.1862829561604455,0.5770027593709313,0.23671428446862336
345,0.32516993429938557,0.4635281185002408,0.21130194720037365
346,0.03492097943753951,0.3496557489042856,0.6154232716581751
347,0.0763737720287954,0.26737194314864504,0.6562542848225594
348,0.023696213613286755,0.142807502113864,0.8334962842728494
349,0.40090933210863466,0.47923899453805846,0.11985167335330689
350,0.14860953031717133,0.6159399984518377,0.23545047123099105
351,0.052602690482577,0.21659888484877277,0.7307984246686503
352,0.7153803682548326,0.20949728754308716,0.07512234420208018
353,0.16184382298534583,0.5569908318930752,0.2811653451215791
354,0.2869119325904297,0.6012504669655587,0.11183760044401159
355,0.11746897149622196,0.3032670748787094,0.5792639536250686
356,0.035370022029967606,0.24813447416702955,0.7164955038030029
357,0.39885224140907516,0.5073658926509309,0.09378186593999391
358,0.055916877051171175,0.5521138116283235,0.3919693113205052
359,0.1492514653650932,0.6115255346514922,0.23922299998341465
360,0.30112299124012937,0.45141989089573203,0.24745711786413857
361,0.21120570254710666,0.2937811309387867,0.49501316651410665
362,0.3550100176760762,0.3382390298589479,0.30675095246497586
363,0.3602020604517056,0.4273537355832042,0.21244420396509014
364,0.10274604098969287,0.40998084018247455,0.48727311882783253
365,0.24888257485542903,0.46181848084040666,0.2892989443041642
366,0.15617900993992978,0.667185897527142,0.17663509253292833
367,0.47067598452928117,0.3362364082376817,0.19308760723303714
368,0.035113722158707866,0.12489363522989957,0.8399926426113925
369,0.047833988370937636,0.19843379798734112,0.7537322136417213
370,0.10585940162050318,0.2915477677660501,0.6025928306134467
371,0.5862717527361446,0.3454903400724645,0.06823790719139085
372,0.16293017562604303,0.40568484587917497,0.43138497849478197
373,0.380403910939425,0.3696476100345319,0.2499484790260431
374,0.054820937037990534,0.4252220765078122,0.5199569864541973
375,0.036872224099581616,0.21677534514655475,0.7463524307538636
376,0.06226533786805481,0.4618278127691088,0.4759068493628364
377,0.4576779049649934,0.38923377184846614,0.15308832318654048
378,0.03122023077784235,0.13590840699794374,0.8328713622242141
379,0.10462359177190536,0.4073338499340209,0.48804255829407384
380,0.3912883771755453,0.47266067763509223,0.13605094518936248
381,0.843752788848629,0.1255923221409391,0.030654889010431875
382,0.4387096055476478,0.48201977617526914,0.07927061827708312
383,0.10437336608039571,0.44079621946204445,0.45483041445755984
384,0.07397125900944172,0.2878231738805962,0.638205567109962
385,0.32568143734079447,0.5175236447120658,0.1567949179471398
386,0.22302162666726705,0.5346440423012685,0.24233433103146437
387,0.2647995393202632,0.3029330919947523,0.43226736868498455
388,0.4081797556585666,0.4353619870600774,0.156458257281356
389,0.41752118487636125,0.4312547542499474,0.15122406087369128
390,0.09684965934760237,0.28672640927723936,0.6164239313751583
391,0.16208236033630594,0.38998985488358107,0.447927784780113
392,0.2627086267987261,0.5583964428775184,0.17889493032375547
393,0.5426220403770718,0.3826242904082968,0.07475366921463122
394,0.7500567032662186,0.12952008829180456,0.12042320844197692
395,0.07552379072406673,0.35175947837042887,0.5727167309055045
396,0.2524767230820078,0.4309744519815581,0.316548824936434
397,0.2747968897934373,0.5904998819581538,0.13470322824840872
398,0.6446223661209136,0.29380794337647,0.0615696905026164
399,0.15495643499588713,0.5133494957887608,0.3316940692153521
400,0.02666112088447037,0.2041772316325537,0.769161647482976
401,0.25045198332229635,0.41791461037488026,0.33163340630282334
402,0.2732533634293013,0.3291746580172751,0.3975719785534236
403,0.10767384154236928,0.4065655279752763,0.4857606304823544
404,0.49709935250669773,0.3186435296434652,0.18425711784983717
405,0.013522173728722348,0.08401805435020539,0.9024597719210721
406,0.6233041745373248,0.21697456794972747,0.15972125751294772
407,0.4250176770713602,0.40369018689011205,0.17129213603852778
408,0.03467857259956959,0.26116088623358796,0.7041605411668425
409,0.1142398812612763,0.5367008086090289,0.3490593101296948
410,0.10537332603419929,0.6346539446599707,0.25997272930582993
411,0.005041011863352414,0.026572997297266237,0.9683859908393814
412,0.5633489852573882,0.3273214372713146,0.10932957747129728
413,0.1964426987106183,0.44783682989683343,0.3557204713925483
414,0.058826314974562165,0.27765873464195046,0.6635149503834874
415,0.028710343514239504,0.11906813142810557,0.8522215250576549
416,0.08034901777417285,0.5224306031974003,0.3972203790284268
417,0.28219109777572177,0.40769472522904476,0.3101141769952334
418,0.8315278077742047,0.12522756460462955,0.04324462762116581
419,0.20935815133116922,0.465384786671844,0.3252570619969869
420,0.003571585566914235,0.024318102131148895,0.972110312301937
421,0.5659385176728213,0.3481016654610377,0.08595981686614092
422,0.3112492654429049,0.35611018130741734,0.3326405532496779
423,0.31707096688332087,0.14068437366517428,0.5422446594515049
424,0.14809293362989273,0.5154509808992149,0.3364560854708924
425,0.35332650326911164,0.5561257635936124,0.0905477331372759
426,0.017494005792491905,0.09670169966856176,0.8858042945389464
427,0.3030387808219944,0.35611539856683205,0.3408458206111736
428,0.17317258310489572,0.38680750248173895,0.4400199144133653
429,0.11483952604956185,0.46221942398167293,0.42294104996876525
430,0.023133091406048155,0.15941178913185125,0.8174551194621007
431,0.20411573525281254,0.48347193853174686,0.3124123262154406
432,0.07292766079974922,0.5890019773550705,0.3380703618451801
433,0.03453177585575005,0.391167082173411,0.574301141970839
434,0.462638483784917,0.4218062250345206,0.1155552911805624
435,0.4355313087518751,0.49479768911633537,0.0696710021317896
436,0.25654757112042176,0.5303146340667265,0.2131377948128518
437,0.4036018734591525,0.38504769898785207,0.21135042755299532
438,0.026384970758740606,0.3119162116864605,0.661698817554799
439,0.02504706173109279,0.16574014069694537,0.8092127975719619
440,0.02158459977447167,0.15973171491618018,0.8186836853093483
441,0.32801128336942453,0.47610119759603864,0.19588751903453686
442,0.4390294486912353,0.4586227281115406,0.10234782319722413
443,0.26686933635723675,0.5050735946382099,0.22805706900455336
444,0.019566383143060223,0.0742332230054013,0.9062003938515385
445,0.013731438001261365,0.07845543735909859,0.9078131246396401
446,0.0973549440373418,0.5280132189497775,0.37463183701288066
447,0.323362944337321,0.42139685040548003,0.25524020525719904
448,0.5298584824169736,0.36762332780063456,0.10251818978239184
449,0.015948398425086573,0.1683148967015949,0.8157367048733185
450,0.7415741691781131,0.16007846555531932,0.09834736526656748
451,0.1132408923128698,0.4088579251691936,0.4779011825179366
452,0.17074094294756573,0.5630181265970756,0.26624093045535874
453,0.40547595372300693,0.5002205756201563,0.09430347065683672
454,0.48424107288609824,0.328840514143279,0.1869184129706228
455,0.057956000392807114,0.21519115722739418,0.7268528423797987
456,0.1549265320516506,0.31969622657318986,0.5253772413751594
457,0.3175296353780357,0.5418119529929528,0.1406584116290115
458,0.09967899614175119,0.2720467316213215,0.6282742722369272
459,0.2624805314448621,0.5404687853748331,0.19705068318030475
460,0.5995430421647499,0.27463994496266253,0.1258170128725876
461,0.31627112486722986,0.5853098347694963,0.0984190403632739
462,0.23004280412641256,0.5936690657378196,0.17628813013576772
463,0.12023921446462708,0.3241406638398786,0.5556201216954944
464,0.09140124568563236,0.5445464888874441,0.36405226542692354
465,0.43780345633621665,0.2034375416936196,0.35875900197016375
466,0.6660246295801648,0.24688874553292198,0.08708662488691324
467,0.2397016242607052,0.4891999558472421,0.27109841989205286
468,0.720538340755968,0.19450696199257628,0.08495469725145575
469,0.15064077064006656,0.6280556949095906,0.22130353445034276
470,0.06524078617118215,0.33743395139728727,0.5973252624315306
471,0.060894784324590126,0.24013312913493384,0.6989720865404759
472,0.04798949522011002,0.305577153649963,0.6464333511299271
473,0.8063803420372462,0.12962123100462453,0.06399842695812931
474,0.34648428254292674,0.4088141646089417,0.24470155284813164
475,0.3165642825512969,0.4232460595443836,0.26018965790431936
476,0.6141420720068883,0.33470905513850907,0.05114887285460258
477,0.03742990901259317,0.27408013742547244,0.6884899535619343
478,0.4086677729608283,0.4567558865220957,0.13457634051707604
479,0.1739742096816957,0.439431424318661,0.38659436599964325
480,0.20255605253261652,0.5913650728387141,0.2060788746286694
481,0.09539112030882117,0.2305522739735027,0.674056605717676
482,0.35414587503605693,0.3988707168080804,0.24698340815586262
483,0.07609867492303936,0.4198687930457168,0.5040325320312438
484,0.3941464786971971,0.3062034386285065,0.2996500826742964
485,0.1743634492528209,0.4311141681441989,0.39452238260298017
486,0.2812076515638925,0.5247876096746444,0.194004738761463
487,0.8097778865202437,0.1262772730195727,0.0639448404601836
488,0.04947092772730645,0.47182928459747514,0.4786997876752184
489,0.15469590799294283,0.4697297892313525,0.3755743027757047
490,0.04545625776354193,0.4342741215253171,0.5202696207111409
491,0.09395438776345628,0.5021719641149008,0.40387364812164295
492,0.16201601236300475,0.5078013181049406,0.3301826695320547
493,0.11234918765770738,0.5316548909197016,0.35599592142259084
494,0.554198777259524,0.22295973722072798,0.22284148551974794
495,0.009500005027675935,0.11548791450893055,0.8750120804633935
496,0.7565414194537979,0.21448025661924608,0.028978323926955974
497,0.3403966746596227,0.535009673268727,0.1245936520716503
498,0.12395201156536743,0.18436334940631896,0.6916846390283136
499,0.06150933781252567,0.6972117453489555,0.24127891683851882
500,0.5257340271924761,0.3574595210685353,0.11680645173898858
501,0.024250643440763154,0.0820494669631425,0.8936998895960944
502,0.11975022103756942,0.5946784309322544,0.28557134803017636
503,0.5354908894085597,0.31085705143192066,0.15365205915951963
504,0.16048026472015847,0.5692827443672297,0.2702369909126118
505,0.3793260899841033,0.46161968616860144,0.15905422384729515
506,0.07804724038883554,0.32358569379810653,0.598367065813058
507,0.2484265753037842,0.5358798441098213,0.2156935805863945
508,0.26528460100342055,0.41788928014255367,0.31682611885402573
509,0.48870174016409235,0.4643308580013616,0.046967401834546195
510,0.06787641920068876,0.3428845777076187,0.5892390030916925
511,0.1808455879864516,0.4451486957550112,0.3740057162585372
512,0.35973855871034416,0.3371599750615001,0.3031014662281558
513,0.11323393333608964,0.5724988855572664,0.3142671811066439
514,0.015431263713706816,0.11430068046087086,0.8702680558254222
515,0.02314063126399641,0.11365228849868862,0.863207080237315
516,0.037277194932778875,0.14890954508891038,0.8138132599783108
517,0.1771100839107612,0.47742081451881396,0.3454691015704249
518,0.24725049745045982,0.4829490892396448,0.2698004133098955
519,0.327178873369144,0.4654799480927512,0.20734117853810488
520,0.1792230516767639,0.5991685164849481,0.22160843183828804
521,0.22119361420042835,0.459755016193771,0.31905136960580066
522,0.035252310681494585,0.13717979596942734,0.8275678933490782
523,0.07446219512800815,0.5971996284797092,0.3283381763922827
524,0.1457329331986826,0.6155693108526099,0.23869775594870743
525,0.14719267373024186,0.5859012277594553,0.266906098510303
526,0.297701901889869,0.518113723741811,0.1841843743683199
527,0.08458922287726368,0.5972527603486111,0.3181580167741252
528,0.49169737336857444,0.3765128967901963,0.13178972984122922
529,0.3034743118694233,0.425311538551829,0.27121414957874773
530,0.10299883983054256,0.29775662667665576,0.5992445334928016
531,0.17704165200765964,0.5331814725731372,0.2897768754192033
532,0.3675305494364022,0.4049961996251386,0.22747325093845924
533,0.0918760084655831,0.5123787645721838,0.39574522696223313
534,0.07383658450065005,0.5462296672195852,0.3799337482797648
535,0.1407532913857388,0.5844267458652962,0.27481996274896503
536,0.30706348355747193,0.5739580370289572,0.11897847941357098
537,0.08563633955084418,0.3997491966947589,0.514614463754397
538,0.4422299919351128,0.37505589219434915,0.18271411587053804
539,0.18379630404291067,0.3623067696879083,0.45389692626918093
540,0.11691071549296943,0.4449483550296048,0.4381409294774257
541,0.03336923830731674,0.31289708904697777,0.6537336726457055
542,0.1288589745996388,0.6714396834728575,0.19970134192750383
543,0.4059945286329042,0.4665227539699234,0.12748271739717243
544,0.08416190399704299,0.6720958451861976,0.24374225081675935
545,0.10786804118973947,0.4051985656830027,0.4869333931272578
546,0.6891642959211315,0.22789394347710842,0.08294176060176012
547,0.8125821900296881,0.10170306521416106,0.0857147447561509
548,0.3942782365117893,0.2580710447945782,0.34765071869363257
549,0.16965481528890622,0.5664141156192588,0.26393106909183495
550,0.3743870951213422,0.4946559063239652,0.13095699855469256
551,0.10276313022631567,0.655551522195273,0.24168534757841123
552,0.45359262086880764,0.4855566657320747,0.06085071339911763
553,0.21244735547983146,0.5771714909052439,0.21038115361492457
554,0.08400730008068515,0.2901695798857452,0.6258231200335695
555,0.4149529096698342,0.48868858704715823,0.09635850328300762
556,0.16508695113418345,0.3514007280440826,0.48351232082173395
557,0.2981736315768787,0.4050689029204171,0.29675746550270427
558,0.007184330235875276,0.08214389790452914,0.9106717718595956
559,0.2979613844713542,0.530965785440052,0.17107283008859392
560,0.17966746325017352,0.4402952392550287,0.38003729749479775
561,0.24032856026069754,0.3575318378851057,0.40213960185419684
562,0.007700576073211123,0.028911045323007718,0.9633883786037813
563,0.16329003257206304,0.5472623328962972,0.28944763453163974
564,0.8282213454545939,0.10139288511413072,0.0703857694312753
565,0.33225562153924154,0.5105289037996407,0.15721547466111774
566,0.15670325136778554,0.6695446791260192,0.17375206950619532
567,0.1219322801059967,0.5869751123141022,0.29109260757990113
568,0.1043941608151218,0.46275213279000027,0.43285370639487786
569,0.013400285463952393,0.26020884448614356,0.7263908700499039
570,0.006589009861737915,0.07867410852578223,0.9147368816124797
571,0.24587651462529805,0.31736740772846395,0.436756077646238
572,0.24142622533353472,0.697778837132878,0.06079493753358722
573,0.14679487469796904,0.31277419714099014,0.5404309281610409
574,0.10725296477262547,0.7430853141050211,0.14966172112235332
575,0.02897850485428034,0.33882964083681866,0.632191854308901
576,0.1290923361363677,0.3661895982589684,0.5047180656046638
577,0.39640008923199194,0.3510086806228475,0.25259123014516055
578,0.03472164323291617,0.18404261103167913,0.7812357457354047
579,0.0101529500618651,0.2958444215175044,0.6940026284206307
580,0.04052735628877732,0.1853130009440866,0.774159642767136
581,0.02736804489911483,0.06425862739860766,0.9083733277022775
582,0.7022074673259538,0.2349924837598675,0.0628000489141787
583,0.3473952011082321,0.5354740118732984,0.11713078701846955
584,0.05846778678924597,0.22076281149387897,0.720769401716875
585,0.5055486896325257,0.3929464823816343,0.10150482798583997
586,0.6430600875154546,0.32076807924747464,0.03617183323707071
587,0.012502783827333691,0.05852964674246478,0.9289675694302015
588,0.5013997498009385,0.43024025169549934,0.06835999850356243
589,0.007680647627568833,0.05443823775570659,0.9378811146167246
590,0.2089951333950769,0.45717390305648575,0.33383096354843744
591,0.3392286025391482,0.4218868929326411,0.2388845045282107
592,0.5345728279854155,0.35289574947852975,0.11253142253605472
593,0.037726589609376214,0.06780938587393882,0.894464024516685
594,0.5786123402585736,0.35612543854991474,0.06526222119151179
595,0.4005171714230533,0.38324523842400426,0.21623759015294236
596,0.19916207834557692,0.5008903459423502,0.299947575712073
597,0.4027490947644684,0.34250975743879913,0.2547411477967325
598,0.09347691225188257,0.48852375351590493,0.4179993342322124
599,0.4711699515884426,0.45029144692812445,0.07853860148343285
600,0.029297985737755782,0.14157623444145975,0.8291257798207845
601,0.26069659388160066,0.5729293923538588,0.16637401376454067
602,0.004666212024568225,0.02352446927634571,0.9718093186990859
603,0.08943935407696749,0.30587267451324573,0.6046879714097868
604,0.16512138965507392,0.5227295445858405,0.31214906575908563
605,0.006879387671452386,0.03386029759183669,0.9592603147367109
606,0.562870571366752,0.31194775233801914,0.1251816762952288
607,0.0493289520715291,0.40239282620178196,0.5482782217266888
608,0.06137924847810482,0.42615991462685976,0.5124608368950353
609,0.0674706519125979,0.15871919376251858,0.7738101543248834
610,0.3655471198940867,0.5050195343217272,0.129433345784186
611,0.3938310567030654,0.5236072731012285,0.08256167019570625
612,0.018767584633168306,0.24459599063276202,0.7366364247340695
613,0.10432963944616973,0.39587694182001054,0.4997934187338197
614,0.108925823721992,0.44485651169630414,0.4462176645817039
615,0.20490407042358577,0.3587901427320826,0.4363057868443316
616,0.1350827774873821,0.48089052743930577,0.38402669507331216
617,0.02288324837942364,0.19830026054880473,0.7788164910717716
618,0.3803339354387494,0.49809019887135675,0.12157586568989384
619,0.06278974098625932,0.3451400464874486,0.5920702125262922
620,0.2873647973174467,0.5980740335542135,0.11456116912833976
621,0.28061862416490985,0.5299467630058993,0.1894346128291909
622,0.037984432627153245,0.1973186695345131,0.7646968978383336
623,0.6283442446603991,0.310804339795436,0.060851415544164955
624,0.01473493648908776,0.17494384860995502,0.8103212149009573
625,0.08765144296565032,0.7583582255561574,0.15399033147819222
626,0.3597465383143423,0.5093294577188596,0.13092400396679826
627,0.2620785263791273,0.4765167857677741,0.26140468785309856
628,0.8730299366415082,0.09324247660546611,0.033727586753025625
629,0.295766384650089,0.5234803474911168,0.1807532678587942
630,0.21847129435827556,0.5879159034909484,0.19361280215077611
631,0.2412389213122152,0.4237523548086915,0.3350087238790933
632,0.2694065966902816,0.4652186095262524,0.26537479378346607
633,0.3177476779770293,0.5221808868011825,0.16007143522178824
634,0.38178459735756964,0.4949775823882132,0.12323782025421706
635,0.29019937142276037,0.5355499334181211,0.17425069515911856
636,0.31437244351382143,0.547489620313723,0.13813793617245562
637,0.10265741018249161,0.5111391193205501,0.38620347049695825
638,0.29380523144178433,0.5439071838750691,0.16228758468314664
639,0.01535027331278326,0.12271671000569886,0.8619330166815178
640,0.010856541981153043,0.07803792872065549,0.9111055292981914
641,0.08443946414350181,0.5481395485635582,0.3674209872929401
