ID,high,medium,low
1,0.6156005879552644,0.34013458896246795,0.04426482308226755
2,0.21163632681524397,0.6453166231746216,0.14304705001013443
3,0.02831492200755497,0.24332539772521003,0.728359680267235
4,0.3829145321473693,0.4975282758667463,0.11955719198588446
5,0.005431524110960147,0.04247081632071313,0.9520976595683267
6,0.0019245703803415636,0.07742831704377075,0.9206471125758877
7,0.0713150669552198,0.41226247360896345,0.5164224594358167
8,0.1978239442927952,0.6882220707717328,0.113953984935472
9,0.3916198471154222,0.4571826519088601,0.15119750097571766
10,0.30836332644434183,0.411830874208713,0.2798057993469451
11,0.19829284326464233,0.5399170413501697,0.261790115385188
12,0.22759629515614624,0.6109647037182743,0.16143900112557955
13,0.018319358144207744,0.17129979721776023,0.8103808446380321
14,0.1175327515288593,0.4132379150416111,0.46922933342952966
15,0.07644220137440765,0.37749471489940534,0.5460630837261868
16,0.026076096404922193,0.304106600029309,0.6698173035657689
17,0.06836515641774857,0.2594360427193899,0.6721988008628614
18,0.09225096650927588,0.379119595590757,0.5286294378999671
19,0.5054653486707068,0.37197912276404665,0.12255552856524643
20,0.18669286560846307,0.6294492985365655,0.1838578358549714
21,0.1622382106035404,0.5684928105652084,0.26926897883125117
22,0.010511334184064363,0.03237937850241912,0.9571092873135166
23,0.10221215268674337,0.3286737618055772,0.5691140855076795
24,0.01049910001571502,0.3405652125538444,0.6489356874304406
25,0.27651642734827603,0.481246009829145,0.24223756282257902
26,0.10568174011985529,0.4100984673648611,0.4842197925152837
27,0.16190763536106711,0.3988807102544089,0.439211654384524
28,0.6838456200983479,0.28006955309868187,0.036084826802970246
29,0.05055069804659411,0.28096110192002655,0.6684882000333793
30,0.1556568478322252,0.7173860756747664,0.12695707649300833
31,0.2049276644935009,0.46550552481344615,0.32956681069305305
32,0.4770196126041581,0.43060902244659083,0.09237136494925097
33,0.01818572282560394,0.14875915797749067,0.8330551191969053
34,0.025337903094417767,0.23311729102233997,0.7415448058832423
35,0.1566267389004281,0.6140368675198278,0.2293363935797442
36,0.00260887943435541,0.020231736463423314,0.9771593841022213
37,0.15155596135456156,0.5568861653837696,0.29155787326166893
38,0.3019864076647184,0.4907206394613426,0.20729295287393903
39,0.32806753447467846,0.5993238480406439,0.07260861748467753
40,0.4932668956766336,0.3596302932709867,0.14710281105237966
41,0.13458922727777198,0.5370842951121648,0.3283264776100632
42,0.3177770882061937,0.5294218681851859,0.15280104360862046
43,0.013367674513749756,0.19989333405311657,0.7867389914331335
44,0.07759161722188553,0.616503106784388,0.3059052759937265
45,0.12304729693138039,0.524355430570217,0.35259727249840245
46,0.701433012855849,0.2695047908293825,0.029062196314768425
47,0.20236085219031974,0.356074058399104,0.4415650894105762
48,0.09737865625082694,0.5887193946324348,0.3139019491167383
49,0.23454449084605827,0.49297281777094054,0.27248269138300124
50,0.5569501159080004,0.3760118219338937,0.06703806215810586
51,0.4373218949499205,0.38390222750299186,0.17877587754708762
52,0.6821755035439339,0.30475528207131075,0.013069214384755426
53,0.3309764696675104,0.5163471785848367,0.1526763517476529
54,0.5879792420579367,0.26695279775813796,0.14506796018392543
55,0.03181489287618797,0.1461365712273044,0.8220485358965076
56,0.06307391625321059,0.6329264950850555,0.3039995886617338
57,0.10907978659462325,0.3587243472622209,0.5321958661431558
58,0.009665835438913101,0.09227524623097585,0.898058918330111
59,0.31742153373852383,0.5084817743913627,0.17409669187011356
60,0.04763714912046176,0.34500967969041707,0.6073531711891211
61,0.04101742948056006,0.44119390761618665,0.5177886629032533
62,0.24611018226725415,0.5541666925483275,0.19972312518441837
63,0.17301540755283723,0.4729603214870483,0.35402427096011435
64,0.1129914991787547,0.31543788184595367,0.5715706189752916
65,0.3690475186304136,0.45028338506408183,0.1806690963055046
66,0.5150188686052615,0.3588563662570296,0.12612476513770884
67,0.06656934620196481,0.2050463262829246,0.7283843275151105
68,0.35940057861908375,0.4896493163158425,0.15095010506507373
69,0.2686011993272521,0.5557670541000734,0.17563174657267452
70,0.00846008363373557,0.1210078156650494,0.8705321007012152
71,0.10217265658007182,0.3025095049548092,0.595317838465119
72,0.5183773054702125,0.4252160072645834,0.05640668726520396
73,0.29351796974531846,0.5444168287012001,0.16206520155348128
74,0.13092746296092855,0.3239332562647207,0.5451392807743508
75,0.15225459851808845,0.6378574701468698,0.20988793133504177
76,0.5819087128019744,0.3533938543903341,0.06469743280769139
77,0.005614717027081421,0.40044424583374383,0.5939410371391747
78,0.04305112107708543,0.5535003157732132,0.40344856314970146
79,0.22459720995109017,0.4778490523981428,0.2975537376507671
80,0.3782518821072063,0.5147436337323521,0.10700448416044164
81,0.0038351975177167152,0.02387097481100716,0.9722938276712763
82,0.22475312054188912,0.6179134361743901,0.15733344328372084
83,0.0574844046756275,0.29289960835361917,0.6496159869707532
84,0.084677567937365,0.5824448483983358,0.33287758366429926
85,0.07692781177718898,0.37107010879036184,0.5520020794324493
86,0.3497253061561477,0.32350485723654987,0.32676983660730247
87,0.08026078947359348,0.44026331760519877,0.4794758929212078
88,0.14844282209183687,0.5571574332005724,0.29439974470759067
89,0.048984409999343614,0.33351642773997375,0.6174991622606826
90,0.36829864793783973,0.3721714618810744,0.2595298901810858
91,0.005244818522913098,0.05637713199900953,0.9383780494780775
92,0.2666198219094807,0.5083726533645364,0.22500752472598293
93,0.6194564141918382,0.26737458517805723,0.11316900063010446
94,0.31599016629522225,0.4088899139904349,0.2751199197143429
95,0.5254309324099389,0.424907589099495,0.04966147849056616
96,0.08189500322729014,0.6769804717686287,0.2411245250040812
97,0.7068263706065084,0.24103057787306645,0.052143051520425164
98,0.026139799051941887,0.23920371523719255,0.7346564857108655
99,0.25214191780042317,0.30874099183283227,0.4391170903667446
100,0.37175094046480966,0.45428573589328225,0.17396332364190814
101,0.041523659295764,0.3623952753934396,0.5960810653107964
102,0.24267152556933488,0.5137488895797249,0.24357958485094025
103,0.28989065522192026,0.5483843669849848,0.16172497779309486
104,0.26121852437150317,0.5390686161392113,0.19971285948928547
105,0.4679017458502834,0.4764306966923983,0.055667557457318204
106,0.36439214495147676,0.5346480237461733,0.10095983130235
107,0.25267663553592123,0.5167011909805528,0.23062217348352596
108,0.1439651314683867,0.6896080638348141,0.1664268046967993
109,0.20177625336714003,0.31847265754859,0.47975108908427
110,0.37291669968678887,0.4120985054421785,0.21498479487103261
111,0.009008401950920024,0.14629877836786367,0.8446928196812162
112,0.030465860726742133,0.4568222109613166,0.5127119283119412
113,0.037219144290898926,0.34661728829923844,0.6161635674098628
114,0.3422585323785411,0.35401339146359856,0.3037280761578603
115,0.4658187733920209,0.4151236883018714,0.11905753830610784
116,0.2910671078081407,0.4054878621199188,0.30344503007194046
117,0.008629125793952799,0.06547179283394026,0.9258990813721069
118,0.47001471550278495,0.3343707257287242,0.19561455876849085
119,0.2882437201306852,0.43040158697384256,0.28135469289547216
120,0.3844127655783003,0.5168606212967721,0.09872661312492768
121,0.11929951895340238,0.6773181809536155,0.20338230009298203
122,0.0021275412960017216,0.013913073077699348,0.983959385626299
123,0.021540147241012875,0.14816846578180615,0.8302913869771811
124,0.1551591851382997,0.5603634413639865,0.2844773734977138
125,0.020683748252653594,0.39866350511088067,0.5806527466364657
126,0.22889589004041905,0.5995638741577874,0.1715402358017936
127,0.2232957056036764,0.5853748855603562,0.19132940883596739
128,0.6147259115720096,0.2694038058619515,0.11587028256603897
129,0.10019675124418055,0.4000363964552445,0.4997668523005749
130,0.005606893654998004,0.12998445920959117,0.8644086471354108
131,0.31197918464511,0.5732840684259368,0.11473674692895315
132,0.1314514089410635,0.7481396710617265,0.12040891999720996
133,0.4953576100085856,0.2045640877714694,0.3000783022199451
134,0.2817713823680981,0.4054335636587319,0.31279505397317
135,0.10091661171250195,0.3293063035874073,0.5697770847000907
136,0.061816992340238755,0.5695129457275145,0.36867006193224683
137,0.2748000533801314,0.3740731480944994,0.3511267985253692
138,0.26163180785958673,0.5015936508311614,0.236774541309252
139,0.13128357777463812,0.2508320875519342,0.6178843346734276
140,0.15381113001143026,0.48994236757612636,0.3562465024124434
141,0.00019640776913944815,0.013428961086572247,0.9863746311442885
142,0.06455136186551103,0.8507632735223177,0.0846853646121713
143,0.5060162769453755,0.3606868047136636,0.13329691834096097
144,0.016009843941401012,0.44288997574586125,0.5411001803127377
145,0.30372287907121803,0.3810681580371205,0.31520896289166156
146,0.12163264530160442,0.44645540831565195,0.43191194638274377
147,0.20863881449883087,0.23636814427994873,0.5549930412212204
148,0.056085733224913115,0.2309665778865202,0.7129476888885666
149,0.08388952336353826,0.5355610966817596,0.38054937995470234
150,0.0008884991390858644,0.015112307744551351,0.9839991931163627
151,0.1632233898428326,0.22683517108336387,0.6099414390738035
152,0.218244924567116,0.534761039814126,0.2469940356187581
153,0.06565705214286724,0.3164669409751765,0.6178760068819563
154,0.4679552967647136,0.1699052435122618,0.3621394597230246
155,0.04847898506440166,0.2389029011989537,0.7126181137366446
156,0.32443112196299245,0.572553715007684,0.1030151630293235
157,0.09504603988888313,0.34332359811274415,0.5616303619983728
158,0.035211859599296555,0.424648218027484,0.5401399223732194
159,0.22979979027586767,0.4445498218765714,0.325650387847561
160,0.4528359392716067,0.45048455424075673,0.09667950648763654
161,0.5310132939968343,0.28632638580721326,0.18266032019595244
162,0.2292083601168245,0.659057549211111,0.11173409067206441
163,0.028011987784791793,0.33027915417184894,0.6417088580433592
164,0.30464987640477453,0.5392245418198942,0.15612558177533128
165,0.28608287572935465,0.6432656283540786,0.07065149591656668
166,0.25949714683387354,0.5148749182689778,0.2256279348971486
167,0.09139288273304502,0.7526880090326378,0.15591910823431712
168,0.05933849748860577,0.5054165872694372,0.4352449152419572
169,0.39462584817714796,0.5306298236786594,0.07474432814419266
170,0.3313311300136977,0.511202911863853,0.1574659581224495
171,0.06554447787012957,0.4300608074006388,0.5043947147292316
172,0.2971806562979634,0.6049229131851263,0.09789643051691034
173,0.005979318260781298,0.051370599125451576,0.9426500826137671
174,0.18914608453771117,0.27212530668695095,0.5387286087753378
175,0.1295884394370408,0.6096724182439999,0.2607391423189594
176,0.012705139054546677,0.15051613115010043,0.8367787297953528
177,0.196567785652944,0.36704574604344975,0.4363864683036063
178,0.09669523125295494,0.4972156132925473,0.4060891554544977
179,0.03199052862949957,0.3441874430438948,0.6238220283266055
180,0.08505572954080168,0.18526526539204707,0.7296790050671512
181,0.09275505927415857,0.7840328961043381,0.12321204462150319
182,0.14040225293746741,0.3133765097866207,0.5462212372759121
183,0.1786115409512378,0.5721347533623103,0.24925370568645183
184,0.331708844733686,0.47104818570080226,0.19724296956551182
185,0.0029778351507638847,0.06822094759107274,0.9288012172581634
186,0.1503764886940308,0.5809871401381115,0.2686363711678578
187,0.021714436457837265,0.40292566131908386,0.5753599022230788
188,0.262387930737719,0.5159641275018919,0.22164794176038907
189,0.08568114978462542,0.3076299860257456,0.6066888641896291
190,0.027126660481981774,0.4351756985541509,0.5376976409638674
191,0.11580620609651997,0.5298854007194426,0.35430839318403756
192,0.06044259021063837,0.27425937267103356,0.6652980371183281
193,0.5120162625871254,0.4137305618799488,0.07425317553292575
194,0.7355896038970313,0.21014766562328227,0.05426273047968647
195,0.004293448008820111,0.04819088492074287,0.947515667070437
196,0.1123632331361724,0.6938218891372724,0.1938148777265552
197,0.03943820666119544,0.3075114909230805,0.6530503024157239
198,0.6163792753207107,0.333513256052802,0.050107468626487205
199,0.041285394848122076,0.48578388677329853,0.4729307183785794
200,0.028152163499104987,0.30570926667029547,0.6661385698305997
201,0.192502804505787,0.5541962239481202,0.2533009715460929
202,0.00848643997257421,0.184863799148531,0.8066497608788948
203,0.02153479535599727,0.3587271926835358,0.619738011960467
204,0.241785178845959,0.2649130077992473,0.4933018133547937
205,0.03096148654421449,0.22660040869540232,0.7424381047603832
206,0.00879241704077378,0.25034899259378807,0.7408585903654381
207,0.05080536397417729,0.11871666163466668,0.8304779743911561
208,0.1126306617889596,0.6627022273777634,0.224667110833277
209,0.5474576794103546,0.31634719624392077,0.13619512434572462
210,0.5302260042664451,0.35072937053187647,0.11904462520167854
211,0.3040517198999313,0.4840666431633062,0.21188163693676243
212,0.025494104910263226,0.12103544776679746,0.8534704473229393
213,0.6509348741801557,0.3196591046280465,0.02940602119179775
214,0.2163198894079091,0.17914101364178475,0.6045390969503062
215,0.005539055253071204,0.0866318288021122,0.9078291159448166
216,0.18925731795494144,0.393828129158751,0.4169145528863075
217,0.02401907413868216,0.10417553622699213,0.8718053896343256
218,0.04122435849072294,0.8345288485072837,0.12424679300199319
219,0.12981020766181292,0.3682872866655977,0.5019025056725894
220,0.11188388937201862,0.5298144907707644,0.35830161985721704
221,0.24408157755391988,0.5205204705725762,0.23539795187350387
222,0.006370455735398195,0.22673894415077916,0.7668906001138226
223,0.052878746379333964,0.19851858956250007,0.748602664058166
224,0.0773974735781927,0.26310963670780774,0.6594928897139996
225,0.2465648010778768,0.6553214331956168,0.09811376572650644
226,0.048094380362500536,0.43415738797996895,0.5177482316575304
227,0.3053883731094581,0.6527053130580652,0.04190631383247663
228,0.22271302467969298,0.6150220351472063,0.16226494017310067
229,0.07671039162427498,0.5199326677024073,0.4033569406733177
230,0.08201533206399628,0.2620798966361006,0.6559047712999032
231,0.019896523757539603,0.29743825016207814,0.6826652260803823
232,0.7285215306551627,0.23726355999997112,0.034214909344866325
233,0.011343218387592785,0.10783646875598614,0.880820312856421
234,0.03575947362431152,0.5512756249034024,0.4129649014722861
235,0.07585265875356141,0.6357974527041372,0.2883498885423016
236,0.6259132750698989,0.3397121382219479,0.034374586708153326
237,0.24309944322534252,0.5843852922171132,0.17251526455754423
238,0.14450464800290835,0.5343001286951273,0.3211952233019643
239,0.014249379183849581,0.1610010226767337,0.8247495981394168
240,0.38791065614945686,0.4926903075760592,0.11939903627448392
241,0.7692802883705051,0.1632985792387264,0.06742113239076857
242,0.027073500831911256,0.20534486542561856,0.7675816337424702
243,0.0456758364678248,0.49751379213039176,0.4568103714017835
244,0.3628317497130864,0.24207530888049153,0.39509294140642215
245,0.1863121009179741,0.5359579397968941,0.27772995928513167
246,0.4649650916074607,0.3740005653837527,0.16103434300878677
247,0.4776570084402292,0.3335512314699273,0.1887917600898435
248,0.3100522131403495,0.3332237986504704,0.3567239882091801
249,0.009231623062138636,0.2529701564560162,0.7377982204818451
250,0.2774184711872796,0.4356489523415055,0.28693257647121484
251,0.007972284284522924,0.12380411733392174,0.8682235983815554
252,0.45238791433842457,0.4725951653000006,0.07501692036157476
253,0.11251340889318988,0.389744983606044,0.4977416075007661
254,0.10287773791774399,0.5072799849259387,0.3898422771563173
255,0.5481141969258237,0.3830176672822874,0.06886813579188883
256,0.5848541647074658,0.3519784549073238,0.06316738038521057
257,0.08657768688106014,0.6751353229518756,0.23828699016706428
258,0.41891932016957806,0.36353171370919524,0.2175489661212268
259,0.5845468363789121,0.3586057346324608,0.05684742898862703
260,0.6101445427667389,0.34581237040052837,0.04404308683273285
261,0.08783413655366393,0.27520602330463434,0.6369598401417018
262,0.020275851982755156,0.2925105197154417,0.6872136283018032
263,0.5337314619496153,0.414256469612888,0.05201206843749671
264,0.12323520090814424,0.3489802546219229,0.5277845444699328
265,0.5089869479466311,0.41472287848371064,0.0762901735696582
266,0.49965546792740156,0.38122641438797633,0.11911811768462208
267,0.27642973835950907,0.422848983140846,0.30072127849964503
268,0.0016194235453688387,0.01066211832452725,0.987718458130104
269,0.26512612988705364,0.5821754490529469,0.1526984210599995
270,0.086430352410417,0.6863619644246415,0.2272076831649416
271,0.7995715909433908,0.12458870205682018,0.07583970699978901
272,0.00802876964779448,0.08520821720519148,0.9067630131470141
273,0.04528272768636082,0.20579850050331658,0.7489187718103224
274,0.0055774640085372185,0.15635123391428124,0.8380713020771815
275,0.12649221470131006,0.8041888989906958,0.06931888630799415
276,0.7016952409005659,0.22726436708459463,0.07104039201483955
277,0.4165197275390213,0.43820886251409785,0.1452714099468809
278,0.14733051435127426,0.6336701389432238,0.21899934670550195
279,0.033409729224286325,0.44449253889057766,0.522097731885136
280,0.12101823468475581,0.5177744942091248,0.36120727110611933
281,0.12720266907105696,0.44975477229447003,0.42304255863447293
282,0.003030336010932156,0.015852402156198125,0.9811172618328696
283,0.0642845466742473,0.5030429944949402,0.4326724588308125
284,0.16055971289286997,0.5942249214468883,0.24521536566024169
285,0.2597921083028497,0.3765574580408616,0.3636504336562887
286,0.0009353865484857072,0.01908659781990121,0.9799780156316131
287,0.001981758210251439,0.03238523103385395,0.9656330107558946
288,0.3055220996325332,0.5948565086963101,0.09962139167115676
289,0.039010956426268666,0.5129559058871964,0.448033137686535
290,0.0393381274685527,0.11489668422810087,0.8457651883033463
291,0.22165657274207845,0.532591150751174,0.24575227650674747
292,0.11252733101655392,0.5650605554920485,0.32241211349139764
293,0.11294437127209896,0.45156450530261233,0.4354911234252887
294,0.08587652768442883,0.590452351670161,0.32367112064541026
295,0.26093149861597137,0.58728930987111,0.15177919151291844
296,0.06377308151278852,0.37571520142274106,0.5605117170644703
297,0.029171411316998304,0.43780411895898325,0.5330244697240184
298,0.011889373508118995,0.25745405757871365,0.7306565689131675
299,0.012101292635479518,0.14169854324179362,0.8462001641227268
300,0.22431230076514588,0.6728938362873303,0.10279386294752371
301,0.08667000815397678,0.23910197077385784,0.6742280210721654
302,0.051073133705450725,0.4527067651064973,0.496220101188052
303,0.19710503737792767,0.5568683778849686,0.24602658473710365
304,0.021463651378842367,0.4808611665110057,0.49767518211015205
305,0.6007348311752957,0.3392470858782981,0.060018082946406134
306,0.0184159137891574,0.10475061300799708,0.8768334732028455
307,0.06275377193096614,0.5362410648755661,0.4010051631934677
308,0.0014701095730275404,0.02319463112822115,0.9753352592987513
309,0.4407256970381068,0.4947906912560421,0.06448361170585111
310,0.5772211413245231,0.3402165595974355,0.08256229907804144
311,0.5287095493257779,0.4065017593584736,0.06478869131574852
312,0.41929355530949375,0.5165829076449027,0.06412353704560363
313,0.38611213060107547,0.40124667414723303,0.2126411952516914
314,0.07650651768459478,0.37544772911767776,0.5480457531977274
315,0.21426397191394592,0.521591578598586,0.26414444948746807
316,0.3305204293347909,0.4384747531257913,0.2310048175394178
317,0.4104158574595235,0.4408337105276915,0.14875043201278498
318,0.006244915048502013,0.10000345851318626,0.8937516264383119
319,0.038400497493508066,0.19096697922584624,0.7706325232806457
320,0.5125364441390078,0.4032073659087329,0.08425618995225925
321,0.0059957257608817425,0.03987959573900414,0.9541246785001143
322,0.8088379002998071,0.15589572032600896,0.03526637937418397
323,0.4338069484228534,0.3539491821851699,0.21224386939197676
324,0.052931504549953504,0.457374421817031,0.4896940736330155
325,0.25670007057090477,0.43632693468738915,0.3069729947417061
326,0.1980757396855521,0.6679002437740467,0.13402401654040116
327,0.09510700395777222,0.2990569270640147,0.6058360689782132
328,0.2817039737681558,0.41571001022290144,0.30258601600894275
329,0.23970036084361976,0.5183546112045276,0.24194502795185277
330,0.04063620891851635,0.4296479621116675,0.5297158289698161
331,0.6742938127275473,0.2716198729611572,0.05408631431129536
332,0.3931079329527535,0.46324954312602945,0.14364252392121726
333,0.5032631871779343,0.27751877431085703,0.21921803851120863
334,0.09743754339758723,0.605434059446111,0.2971283971563018
335,0.6025551000559256,0.27145784687670393,0.1259870530673705
336,0.00987969869469649,0.06397041875280543,0.9261498825524981
337,0.27987903381370133,0.5819117147926256,0.13820925139367302
338,0.35424462512849947,0.5295561884036515,0.11619918646784907
339,0.23587409805076,0.4913734739075032,0.27275242804173694
340,0.3605534062187455,0.47536422893998526,0.1640823648412692
341,0.5894917810031026,0.3634309666375063,0.04707725235939096
342,0.5198806050054519,0.41905473882759364,0.06106465616695459
343,0.10055758217626146,0.6414076076492492,0.25803481017448937
344,0.18334542598627962,0.6191366277873599,0.19751794622636049
345,0.27733449877038685,0.4792844436055139,0.24338105762409917
346,0.039326847283183614,0.339010030292881,0.6216631224239354
347,0.06956795480493429,0.2758909558479946,0.654541089347071
348,0.011684767675238246,0.1469295299640437,0.8413857023607179
349,0.34461465575781736,0.516904690345012,0.13848065389717068
350,0.10722547924346423,0.6889333438510352,0.20384117690550058
351,0.039216488801491055,0.21304337837897108,0.7477401328195379
352,0.7517040794984251,0.20816636034363314,0.040129560157941786
353,0.18980476189973833,0.5356269572484526,0.274568280851809
354,0.2855320669083373,0.618855054975613,0.09561287811604964
355,0.07997990564708188,0.2388440285507015,0.6811760658022166
356,0.024361143500851574,0.2171887818456637,0.7584500746534847
357,0.383970179667325,0.5095227584708079,0.10650706186186713
358,0.02641265389985928,0.5981435428294007,0.37544380327073995
359,0.10807902933274846,0.6784978670648594,0.2134231036023923
360,0.38210608203322194,0.4147000890175085,0.20319382894926954
361,0.19128936253928347,0.23672270794908307,0.5719879295116334
362,0.4003834394006856,0.3058929250829556,0.29372363551635866
363,0.2926349244670148,0.44852340258401907,0.25884167294896626
364,0.11203127571207441,0.4593994593860648,0.4285692649018607
365,0.33578024325298184,0.41031768030581117,0.25390207644120705
366,0.13271723991316312,0.7294748152216508,0.13780794486518613
367,0.5161321462804818,0.324573463234822,0.15929439048469624
368,0.03860237373598419,0.1783576913508415,0.7830399349131743
369,0.0370346413364281,0.23888502395949668,0.7240803347040752
370,0.06855185256372484,0.26987043590637433,0.6615777115299009
371,0.5994765123341612,0.3402362091792292,0.060287278486609655
372,0.13846285969017524,0.4143171346462232,0.4472200056636016
373,0.4038863505371175,0.3491768550012643,0.2469367944616181
374,0.0585111238464366,0.46846907401279514,0.4730198021407682
375,0.038697026463993124,0.3117335595321339,0.6495694140038729
376,0.0383067374561857,0.46022679950605194,0.5014664630377623
377,0.5196943413136056,0.3430812843947154,0.13722437429167894
378,0.03158248692628481,0.18997487819994346,0.7784426348737717
379,0.09001869849746047,0.47929849139012803,0.4306828101124114
380,0.4100384320370984,0.45701538980131556,0.132946178161586
381,0.876763580467571,0.10844261545749598,0.01479380407493299
382,0.4022072660975457,0.505023229052391,0.09276950485006322
383,0.0848629199617279,0.5206082181405761,0.394528861897696
384,0.05894844758835516,0.286280718852435,0.6547708335592098
385,0.40104824246857695,0.46364061143509794,0.1353111460963251
386,0.18277706518165543,0.5821890917466928,0.2350338430716518
387,0.18221530046823495,0.35955106599374836,0.4582336335380167
388,0.4433119498266267,0.3963477336245193,0.16034031654885403
389,0.45016451241949895,0.4577055735430572,0.09212991403744378
390,0.07114600308706608,0.2705375809717002,0.6583164159412337
391,0.1299970967990906,0.415414748516963,0.4545881546839464
392,0.22001613866924302,0.5934686960585425,0.1865151652722145
393,0.4993250578803587,0.440699872925034,0.059975069194607336
394,0.7690524699935329,0.1259144926139719,0.10503303739249525
395,0.04912145515253332,0.34031961474127204,0.6105589301061946
396,0.29238504319286307,0.3786451248040426,0.3289698320030944
397,0.27002603958742294,0.6114470282322791,0.11852693218029775
398,0.6658148729928812,0.2975655420529255,0.03661958495419325
399,0.17110770553959836,0.5012011980112521,0.32769109644914957
400,0.01425356254058956,0.2171821661363827,0.7685642713230277
401,0.1975254428153114,0.41711391494830385,0.3853606422363847
402,0.2875897840748798,0.2798199690186095,0.4325902469065107
403,0.0867735557946289,0.4645386385663611,0.44868780563900995
404,0.48561289249388884,0.3127468487255567,0.20164025878055453
405,0.008918303305693103,0.08053801381121942,0.9105436828830875
406,0.6702783627596574,0.20565933559183275,0.12406230164850991
407,0.42651587696749677,0.4298806196109014,0.14360350342160183
408,0.023012728249270187,0.2271805316651807,0.7498067400855492
409,0.13523409066686148,0.5030722759791504,0.361693633353988
410,0.09710899431374839,0.7060866788177929,0.19680432686845878
411,0.0010566409708054863,0.011607530102894306,0.9873358289263002
412,0.6627334342540625,0.2611048398847463,0.07616172586119116
413,0.11912699960466247,0.5054420661269516,0.3754309342683859
414,0.013295192727201121,0.16078009598178591,0.825924711291013
415,0.015277200993709064,0.08135059664861209,0.9033722023576789
416,0.05634045434206445,0.5057895580168583,0.43786998764107715
417,0.29427377613396105,0.35653038945648924,0.34919583440954965
418,0.8774169733546238,0.0882239341719341,0.03435909247344216
419,0.18189624402107812,0.5810975103027529,0.23700624567616907
420,0.0003963028786375957,0.012722926539196691,0.986880770582166
421,0.6343170452230229,0.2887166836778147,0.07696627109916251
422,0.3046594467907845,0.37951748190475143,0.315823071304464
423,0.08263363388948715,0.05674589672605872,0.8606204693844542
424,0.138507405417643,0.5550666881655696,0.3064259064167874
425,0.2653497222961847,0.6552322730690809,0.07941800463473436
426,0.015410192855065738,0.08119078586821211,0.9033990212767222
427,0.248969210863496,0.44851978231996437,0.30251100681653964
428,0.21120982807678468,0.3776868757945789,0.4111032961286364
429,0.16834653070338015,0.49036083850165946,0.34129263079496036
430,0.020700196038924784,0.27077608888765536,0.7085237150734198
431,0.1754592256974502,0.547906763572076,0.2766340107304738
432,0.03429259664449312,0.6160440642294503,0.34966333912605646
433,0.026134073531277457,0.5044320880233503,0.46943383844537234
434,0.4632660742182768,0.46147085887077904,0.07526306691094423
435,0.4620697910046149,0.48786706478581643,0.050063144209568686
436,0.3780135367053167,0.4216743104675542,0.20031215282712914
437,0.40479023188474683,0.42990819823050314,0.16530156988474995
438,0.013825383833603433,0.22165779560323196,0.7645168205631645
439,0.010050436839628212,0.14294090562298906,0.8470086575373829
440,0.009406544040022766,0.1673101309194666,0.8232833250405106
441,0.2570287339290818,0.5522194106343479,0.19075185543657025
442,0.4500485028668032,0.4705845123221491,0.07936698481104774
443,0.2351300635333669,0.5722447173906897,0.19262521907594332
444,0.006853581815200373,0.044738025868607145,0.9484083923161926
445,0.007624639167589704,0.09928198535922447,0.8930933754731859
446,0.10543288840469707,0.559872372553104,0.33469473904219893
447,0.24265391764905808,0.440168369349678,0.3171777130012639
448,0.5525462219443736,0.3759380535351499,0.07151572452047641
449,0.007355845015462029,0.1493224798761383,0.8433216751083996
450,0.7522608214537676,0.1614550591926828,0.08628411935354961
451,0.15569407787861017,0.4908972779062969,0.3534086442150929
452,0.2049028210385279,0.5419493353062943,0.25314784365517784
453,0.30523037946481824,0.5986904894952149,0.09607913103996682
454,0.5090734146661842,0.34636810901630294,0.14455847631751292
455,0.031082001814803147,0.18445658055560596,0.784461417629591
456,0.1634920128220573,0.2638964542516007,0.572611532926342
457,0.3264432255002555,0.5658809227514996,0.10767585174824493
458,0.10865870050359465,0.28435578911567916,0.6069855103807262
459,0.3380173337146687,0.47254469806473826,0.18943796822059306
460,0.655555081103073,0.22579049044131128,0.11865442845561558
461,0.33695950615974,0.5937818026915574,0.06925869114870245
462,0.23481906764183816,0.6263252668846566,0.13885566547350517
463,0.15476877278226667,0.326390864031608,0.5188403631861254
464,0.06294822288939297,0.6047403091203425,0.3323114679902645
465,0.3977844454048795,0.24964683671841142,0.35256871787670896
466,0.7720292882138029,0.1889816575095516,0.03898905427664545
467,0.28199153525328624,0.49782351012890064,0.22018495461781323
468,0.7738881034060372,0.15380918636492938,0.0723027102290335
469,0.10702485833084363,0.6858819042540538,0.20709323741510266
470,0.0329285239336504,0.3117352589433597,0.6553362171229898
471,0.050356861606460857,0.23913074376423057,0.7105123946293085
472,0.01788184733357983,0.37590567119958707,0.6062124814668332
473,0.8359235015687652,0.10698532130170986,0.057091177129525064
474,0.331820045670146,0.44762699423525165,0.22055296009460235
475,0.3240905372121691,0.4135282353492415,0.2623812274385894
476,0.6132969448429966,0.3519609582677284,0.03474209688927513
477,0.03332300328050304,0.19582294734351674,0.7708540493759802
478,0.32860000267756767,0.5477887758241238,0.12361122149830854
479,0.1671078387720704,0.3621035053192295,0.47078865590870017
480,0.20031488359984345,0.6433503584338713,0.1563347579662853
481,0.08464973868446235,0.25830095555447885,0.6570493057610587
482,0.3974501849483348,0.37964371250595796,0.2229061025457073
483,0.0663293485303172,0.4384507753743862,0.49521987609529655
484,0.3051141394689042,0.30317836060924325,0.3917074999218525
485,0.17059899616178914,0.3395885655774694,0.48981243826074133
486,0.251908499577027,0.584526282417501,0.16356521800547186
487,0.8371497404984224,0.11873035880807584,0.044119900693501767
488,0.03184081960982793,0.5183829781910071,0.4497762021991651
489,0.16621567496599338,0.44603866088388855,0.38774566415011796
490,0.05065883158425476,0.43398450757539264,0.5153566608403526
491,0.09603601672552751,0.5651734255851597,0.33879055768931277
492,0.13154109098689143,0.5377023380037869,0.33075657100932165
493,0.10190250764032172,0.5209278956728582,0.37716959668681993
494,0.550122045033335,0.24895495679861407,0.20092299816805098
495,0.002664722781979971,0.10314867356472628,0.8941866036532937
496,0.7883636151852782,0.19412196423885505,0.017514420575866635
497,0.32760044877969835,0.5632405668025916,0.10915898441771002
498,0.1292015400148738,0.1443915700798928,0.7264068899052334
499,0.027905248248055875,0.7758015724156146,0.19629317933632934
500,0.4800988029431196,0.3823746885703246,0.13752650848655582
501,0.019433746391857392,0.10638312285236881,0.8741831307557739
502,0.08069282117105034,0.6295209524178673,0.2897862264110823
503,0.4728381838718219,0.3737709904876495,0.1533908256405286
504,0.12500958628667455,0.5918112193216698,0.2831791943916557
505,0.3664362714063809,0.4608912027412423,0.17267252585237675
506,0.05546600148575248,0.4548213473939692,0.48971265112027823
507,0.23583558295606388,0.5725829673221402,0.19158144972179594
508,0.3243961869719115,0.39627229361486255,0.279331519413226
509,0.4727679450014248,0.5030516754755084,0.024180379523066717
510,0.08709187102860483,0.42222499099054456,0.49068313798085067
511,0.2037022289109685,0.4223773963359133,0.37392037475311823
512,0.303893939884092,0.29297361090448104,0.4031324492114271
513,0.10655043867334232,0.6403786481832691,0.25307091314338864
514,0.006710865481844086,0.07819159549757429,0.9150975390205816
515,0.019206972455274328,0.11853893052490713,0.8622540970198186
516,0.0387356505243359,0.18609011276529328,0.7751742367103708
517,0.16927628037821435,0.5124608235742205,0.3182628960475651
518,0.23540683399051368,0.5317150168176594,0.23287814919182687
519,0.32329413722636086,0.4134130155748651,0.263292847198774
520,0.1695939511023732,0.6238207544210802,0.20658529447654667
521,0.19426272965723673,0.5563669779834257,0.2493702923593375
522,0.01919655063480483,0.11341646169030202,0.8673869876748933
523,0.059450529391369564,0.6014064559224546,0.33914301468617575
524,0.14898679838157441,0.6064394853072745,0.24457371631115113
525,0.0736793410406554,0.5904028618652213,0.33591779709412345
526,0.3053587562207946,0.506400292051595,0.18824095172761024
527,0.08717527392672793,0.4958335036190288,0.41699122245424336
528,0.5426156728785796,0.36747751548352336,0.08990681163789709
529,0.18360997241780191,0.5543605812054565,0.2620294463767415
530,0.08995073457011815,0.32629274471657327,0.5837565207133085
531,0.09197909394715956,0.5653624637755146,0.34265844227732584
532,0.4479152538757115,0.34740889134919783,0.2046758547750906
533,0.08241843263368151,0.545201459544117,0.3723801078222015
534,0.07319744259043644,0.589905028293019,0.3368975291165446
535,0.08755113421707592,0.5938457630472269,0.31860310273569714
536,0.3964450006894534,0.5030400644318189,0.10051493487872773
537,0.06399999131414973,0.42151619868780366,0.5144838099980467
538,0.4221376777005742,0.41238936387818736,0.16547295842123846
539,0.12775031380763954,0.40580291046458755,0.4664467757277729
540,0.07568843809271689,0.48965258026760916,0.4346589816396739
541,0.027701287540386605,0.3204043832686175,0.651894329190996
542,0.11927096356800597,0.6512143775664356,0.22951465886555839
543,0.49706723435086075,0.4358981618926598,0.06703460375647943
544,0.0675063399640768,0.7352720177088108,0.19722164232711253
545,0.07578361057158693,0.47229839911125326,0.45191799031715985
546,0.674717285154837,0.24516414486022325,0.08011856998493982
547,0.8390154402351531,0.11718228479205506,0.043802274972791835
548,0.3853274249617088,0.23977585584099778,0.3748967191972935
549,0.14616916987650663,0.5779187210059361,0.27591210911755726
550,0.40282700493733364,0.5113153584750453,0.08585763658762115
551,0.09330779214680163,0.6992685197846429,0.20742368806855552
552,0.4377408625960412,0.4781071128796029,0.08415202452435597
553,0.29091820999759854,0.49792679334586365,0.2111549966565378
554,0.0684516815397663,0.2867588559049306,0.6447894625553031
555,0.44564119859854445,0.5002609262272733,0.054097875174182165
556,0.16831230022685856,0.30301971053752597,0.5286679892356154
557,0.2798686994521783,0.37263704430762756,0.34749425624019414
558,0.001076929485704727,0.047363702528275466,0.9515593679860196
559,0.3007722362133704,0.5353958384298676,0.16383192535676203
560,0.1589175621054954,0.4901892138803198,0.3508932240141848
561,0.2066977160051841,0.33012190254618695,0.46318038144862905
562,0.0025816415518988894,0.012456533631012647,0.9849618248170884
563,0.1586401133856204,0.5499741017755619,0.2913857848388178
564,0.7811961577079447,0.16830906465414777,0.050494777637907516
565,0.31272454586375587,0.544249392044719,0.14302606209152507
566,0.15459215199634516,0.7162871532323443,0.12912069477131055
567,0.11561942764210476,0.5719394156070191,0.31244115675087614
568,0.08660115955862503,0.5538785985844341,0.3595202418569409
569,0.009611659527153898,0.2667072968715926,0.7236810436012535
570,0.0009880741162820758,0.05868883380352123,0.9403230920801967
571,0.19300784586596903,0.4135341826323776,0.39345797150165335
572,0.2977009268177356,0.6709116909917769,0.03138738219048758
573,0.15536397589012374,0.2363898700951223,0.6082461540147539
574,0.12126397113697736,0.778780763708914,0.09995526515410863
575,0.014275603970582543,0.24732557822284978,0.7383988178065677
576,0.12716873356099073,0.40527585997750715,0.46755540646150207
577,0.4108722587473185,0.41251453734291016,0.17661320390977134
578,0.025137685306159306,0.14321858439833948,0.8316437302955013
579,0.006035035595682315,0.31024928060260865,0.6837156838017091
580,0.026911592546913422,0.20698339052959763,0.766105016923489
581,0.012379103047858095,0.03349498802262751,0.9541259089295142
582,0.7675036611372923,0.19846827255499688,0.03402806630771087
583,0.3380020795253685,0.5619767309073906,0.10002118956724096
584,0.052479976166562095,0.17028775472937008,0.777232269104068
585,0.4907154663627461,0.41260427017355167,0.09668026346370215
586,0.7096399038628072,0.27048474659674787,0.019875349540444898
587,0.0033715697100674723,0.031840746290857244,0.9647876839990752
588,0.5032906962005177,0.4278739234179019,0.06883538038158031
589,0.0014443647183121297,0.027000695060634943,0.9715549402210529
590,0.25182628865685686,0.5058398332154149,0.24233387812772827
591,0.25863521580400556,0.5235044710119023,0.21786031318409216
592,0.5569232214090072,0.34753072243284494,0.09554605615814794
593,0.02960975622249516,0.06760687358579767,0.9027833701917072
594,0.6520750669498117,0.3008752245821331,0.047049708468055236
595,0.49532453337444105,0.31454480460144846,0.19013066202411041
596,0.2307106617843429,0.4311353413890787,0.33815399682657843
597,0.39973228747896294,0.3592780414969902,0.24098967102404684
598,0.07430431527198814,0.5275979543529958,0.3980977303750159
599,0.4226099576374442,0.5267266410786006,0.050663401283955224
600,0.014143739800270411,0.16880061023494894,0.8170556499647805
601,0.2550623372660237,0.6180270781822613,0.12691058455171503
602,0.00040806672819784464,0.01265029857309534,0.9869416346987068
603,0.05070187174902045,0.28025110741583825,0.6690470208351413
604,0.18432082479667203,0.5607593270559227,0.2549198481474053
605,0.0009481517298472249,0.013090765034855761,0.9859610832352969
606,0.6447434731799166,0.27788286304843685,0.07737366377164659
607,0.03381821179430141,0.3832756814728392,0.5829061067328593
608,0.10039661293139232,0.38981814857664976,0.5097852384919579
609,0.08995555051564788,0.17690229219352832,0.7331421572908239
610,0.3883632733896068,0.5064797135817561,0.10515701302863704
611,0.4073866616951466,0.5365339335218196,0.05607940478303376
612,0.005542247211676722,0.17388569076434193,0.8205720620239813
613,0.11308734762032105,0.3344827484865246,0.5524299038931544
614,0.10491363090400059,0.5096404175244711,0.38544595157152833
615,0.22430699812437202,0.4332058996777336,0.34248710219789436
616,0.12652423133526647,0.5179366164832722,0.35553915218146137
617,0.014230986453247996,0.17135627234367973,0.8144127412030722
618,0.39114320161612526,0.47134592465805963,0.1375108737258152
619,0.046988407615572894,0.2755119338550135,0.6774996585294136
620,0.24146819638493225,0.6413383914035273,0.11719341221154034
621,0.28724574852687235,0.5586141758993424,0.15414007557378523
622,0.02417902295530762,0.24404045128039709,0.7317805257642953
623,0.7056673534640886,0.25588341143529125,0.03844923510062022
624,0.005024554397131441,0.1313449189741985,0.8636305266286701
625,0.1451348497686349,0.7437371147279713,0.11112803550339372
626,0.41188726234731554,0.49800688754276623,0.09010585010991837
627,0.2948299630694997,0.46742868627612033,0.23774135065437996
628,0.8755652099759079,0.10392842424051532,0.020506365783576876
629,0.3197392532400391,0.5034690486233755,0.1767916981365852
630,0.18907967553397897,0.6259466469135314,0.18497367755248972
631,0.21565108303578567,0.5261569492654196,0.25819196769879493
632,0.18082955622989283,0.5878795899430088,0.2312908538270984
633,0.26212574762020746,0.622615220959516,0.11525903142027645
634,0.3632157892178065,0.5241508538364514,0.11263335694574214
635,0.23220158240509403,0.5883834860711035,0.17941493152380264
636,0.3355677883742785,0.5152757121378568,0.1491564994878647
637,0.11835137960701128,0.5324222993422074,0.34922632105078133
638,0.34031132543412057,0.5508583407491017,0.10883033381677779
639,0.009698722065145392,0.09544252699167355,0.894858750943181
640,0.0034486061303236706,0.07737858527686954,0.9191728085928066
