ID,high,medium,low
1,0.6347694467516111,0.30822831080054597,0.05700224244784291
2,0.20482713939046676,0.6530705325700248,0.1421023280395084
3,0.02748045504807976,0.1762462830289245,0.7962732619229957
4,0.5360681956865845,0.407999993991311,0.05593181032210455
5,0.010528614519508133,0.12384984004628571,0.8656215454342062
6,0.0065697269135803395,0.05165193238970606,0.9417783406967135
7,0.07498793210087105,0.491373661201029,0.43363840669809994
8,0.16816049245468895,0.5555272891400543,0.27631221840525677
9,0.27606887867103924,0.40550225617951663,0.3184288651494442
10,0.3031536077232248,0.3162615613849073,0.3805848308918679
11,0.31634103544266395,0.5289796744830394,0.1546792900742968
12,0.12463227397875094,0.6129019341606139,0.2624657918606352
13,0.015723046663689278,0.12459627194946536,0.8596806813868454
14,0.07000297164286848,0.31025767760273515,0.6197393507543965
15,0.11413546619461938,0.4698182429988454,0.41604629080653516
16,0.032638399150337956,0.5121558992515385,0.45520570159812357
17,0.0296507835075309,0.14268277910114194,0.8276664373913272
18,0.04688280591814446,0.26924373540055,0.6838734586813054
19,0.6647580398627396,0.3077607397272607,0.027481220409999695
20,0.2448543554340036,0.6571721285746277,0.09797351599136875
21,0.1394392893506981,0.5060479809020059,0.35451272974729603
22,0.024030414850426205,0.12459617022467125,0.8513734149249025
23,0.17817331048973573,0.44065124530851935,0.381175444201745
24,0.11920326272674761,0.4475298356903049,0.43326690158294745
25,0.23841183757357626,0.5260536174522386,0.2355345449741852
26,0.02095870884888785,0.07972058804568868,0.8993207031054233
27,0.30380655340923596,0.3656039221725216,0.3305895244182425
28,0.5495167832190682,0.37966346221661385,0.07081975456431813
29,0.08100807179632975,0.2746929627610895,0.6442989654425808
30,0.23695896244282907,0.6491864683422158,0.11385456921495515
31,0.3441385953926036,0.3725965119813906,0.2832648926260058
32,0.5541120493975364,0.387190959895311,0.058696990707152466
33,0.03237556948651336,0.11212295714573421,0.8555014733677524
34,0.011087687036402437,0.13880844841779935,0.8501038645457981
35,0.09516431493618244,0.31891965954142953,0.585916025522388
36,0.016414895165024267,0.19418976180103426,0.7893953430339414
37,0.09966446759060639,0.7029050986463249,0.19743043376306887
38,0.09446619365127745,0.35952665875085604,0.5460071475978665
39,0.2288037226413993,0.6204302240193496,0.1507660533392511
40,0.6050454464527821,0.317935521550479,0.07701903199673892
41,0.1352802431036312,0.5252345045549232,0.33948525234144566
42,0.38278612442583626,0.5211601479889876,0.09605372758517605
43,0.03382369363275412,0.18338888054833657,0.7827874258189093
44,0.03779485513648154,0.569669889089402,0.3925352557741165
45,0.07491140426392687,0.4046858641454027,0.5204027315906703
46,0.7916028704171134,0.18540434872871786,0.02299278085416865
47,0.1814056928388986,0.44162369303148363,0.37697061412961774
48,0.04689059450578468,0.43582008760049396,0.5172893178937215
49,0.26775209961433194,0.45840216107101417,0.2738457393146539
50,0.5840917213806569,0.353356973739871,0.06255130487947207
51,0.3280384535195598,0.526897862082529,0.14506368439791126
52,0.7627735516620817,0.21820526037616966,0.019021187961748558
53,0.39786703638314586,0.49048028574214086,0.1116526778747133
54,0.5977694831889139,0.3129825086074625,0.08924800820362355
55,0.04210179452161699,0.23074376426274176,0.7271544412156412
56,0.07046736836717762,0.7367494755141586,0.19278315611866384
57,0.21151685764858102,0.3261701123487803,0.4623130300026387
58,0.006386441077237795,0.06358649042151031,0.930027068501252
59,0.17990317683895124,0.7468819604431597,0.07321486271788905
60,0.030994541106566888,0.31923823644634286,0.6497672224470902
61,0.09683197483358477,0.30730371338096474,0.5958643117854505
62,0.16046800821346147,0.6444890869801694,0.19504290480636916
63,0.25659387939104705,0.5810773604850104,0.16232876012394262
64,0.2691744645412105,0.39121622527898803,0.33960931017980156
65,0.4728478604121471,0.40609421487092556,0.12105792471692733
66,0.5664890690894222,0.36039395554004683,0.07311697537053094
67,0.08812087251712318,0.20670949244967227,0.7051696350332045
68,0.2818553361958084,0.42412870841824846,0.29401595538594305
69,0.269209880485737,0.5617696505848245,0.1690204689294385
70,0.005103832846251287,0.15817338608454784,0.836722781069201
71,0.15569551533478493,0.4737057874908164,0.3705986971743987
72,0.42109630581985885,0.5384836758723611,0.04042001830778002
73,0.18399980783530606,0.6037677449097962,0.21223244725489768
74,0.13887972547914137,0.41281406379175645,0.44830621072910215
75,0.08191636984391566,0.7463229885778424,0.17176064157824195
76,0.717891282046527,0.219340865052816,0.06276785290065706
77,0.020474276576264515,0.385732507072781,0.5937932163509545
78,0.08405867332835196,0.44763689289494046,0.4683044337767076
79,0.13174114984210064,0.5720744663084355,0.2961843838494637
80,0.223037522857965,0.655407104783779,0.12155537235825616
81,0.0064796726987662034,0.02757886208969975,0.9659414652115339
82,0.26171059481609504,0.5885190025336036,0.14977040265030142
83,0.013361388064006972,0.14460904632600657,0.8420295656099865
84,0.07287260721366597,0.4509005937230869,0.47622679906324716
85,0.13533217147940396,0.4429324755342593,0.42173535298633674
86,0.3401667540593334,0.3143058878113413,0.3455273581293253
87,0.017623232657688427,0.23029534182244588,0.7520814255198656
88,0.19709372237133868,0.4807124282758347,0.3221938493528266
89,0.0754182031278712,0.3934209752544782,0.5311608216176505
90,0.5296421273073196,0.26612011199704017,0.2042377606956401
91,0.008054397815585434,0.034635032869667064,0.9573105693147476
92,0.11438718154838637,0.5848412996004437,0.3007715188511699
93,0.6723208187260055,0.21380613522098568,0.11387304605300888
94,0.11414283838108139,0.3398914159550159,0.5459657456639027
95,0.6075143523383696,0.33174110934765744,0.060744538313972904
96,0.1772121359187378,0.5686804300626223,0.2541074340186399
97,0.6103813731383252,0.2997702373509547,0.08984838951072006
98,0.04612059371869519,0.3068365393254283,0.6470428669558765
99,0.21881612556373492,0.4221766724729153,0.3590072019633498
100,0.5502646548782492,0.37303826362207265,0.07669708149967817
101,0.0480791428989923,0.27295676946505104,0.6789640876359567
102,0.1779683473011802,0.6249952018777999,0.19703645082101998
103,0.25536012232273503,0.5442401834375009,0.20039969423976398
104,0.41038918275359293,0.4563736722527147,0.13323714499369235
105,0.6162233979351183,0.3389408694442776,0.04483573262060421
106,0.322508725744501,0.48576093249557484,0.19173034175992415
107,0.27360554702324785,0.46201942432296683,0.2643750286537853
108,0.29498217253388337,0.5588429749697235,0.1461748524963931
109,0.129105507349982,0.5216539803870613,0.3492405122629566
110,0.5520388678955495,0.36744459581200256,0.08051653629244801
111,0.012957530073937278,0.12614188710240928,0.8609005828236533
112,0.02175092095160137,0.4237673528850654,0.5544817261633332
113,0.023166391187289366,0.3288743730023983,0.6479592358103122
114,0.5217268921320947,0.345592830780474,0.13268027708743138
115,0.5468733862306525,0.4003449203166241,0.0527816934527232
116,0.30604467591750495,0.4784407959809208,0.21551452810157423
117,0.02245242865339077,0.14342571041926602,0.8341218609273433
118,0.16868890939952502,0.478552424383006,0.352758666217469
119,0.3048043520210041,0.4327937327085329,0.26240191527046297
120,0.4706252667859916,0.43677506807376226,0.09259966514024616
121,0.18466746658464878,0.5587014601117276,0.25663107330362367
122,0.007572554657430984,0.055407544087029095,0.9370199012555396
123,0.0540820709639683,0.18440604737492958,0.7615118816611022
124,0.14683978060526418,0.6025915425768048,0.2505686768179311
125,0.012530302699443741,0.3936631161858114,0.5938065811147448
126,0.10268967243630227,0.763326699487435,0.13398362807626257
127,0.2890929379361121,0.6081579900333989,0.10274907203048891
128,0.4743524984540243,0.3871372725953301,0.13851022895064563
129,0.13230564440618445,0.4163062939940074,0.45138806159980815
130,0.021257536592960737,0.10573895398898481,0.8730035094180544
131,0.4240752377592255,0.40153946587277123,0.17438529636800343
132,0.2022172582472243,0.5506137950212155,0.2471689467315601
133,0.48239036633405197,0.35739471360951863,0.16021492005642934
134,0.30804639758641617,0.5220141158981045,0.16993948651547933
135,0.2127760858136901,0.3010529544229891,0.4861709597633207
136,0.14287006713736905,0.49974521136205796,0.35738472150057304
137,0.24537468706058196,0.5391562160423282,0.21546909689708996
138,0.2361566685870317,0.4613163088412346,0.30252702257173375
139,0.064980358243414,0.20698793147906822,0.7280317102775179
140,0.31279681131484943,0.4434303144709112,0.24377287421423927
141,0.0015785229185970688,0.012412282408982598,0.9860091946724205
142,0.06499764237650503,0.8580540318637032,0.07694832575979177
143,0.36160130020742,0.5324074837413313,0.10599121605124888
144,0.014543810712776226,0.0927044879082968,0.892751701378927
145,0.22838353977310746,0.34115823503737747,0.4304582251895151
146,0.13934903790208314,0.5139752290396498,0.34667573305826715
147,0.09886790586101449,0.18806887780265058,0.7130632163363348
148,0.02175697403093992,0.1503054852180817,0.8279375407509784
149,0.08684991137675747,0.3260937523533446,0.587056336269898
150,0.00328467494061394,0.0335326329569382,0.9631826921024478
151,0.10700790599600556,0.19978051499906693,0.6932115790049276
152,0.27718391631107686,0.6052044029196206,0.11761168076930244
153,0.1946232308496938,0.49448955610399503,0.3108872130463112
154,0.30087958260668446,0.2802173237397682,0.4189030936535472
155,0.04094233978193107,0.1976412501716288,0.7614164100464402
156,0.3604666366143693,0.5412690143998411,0.09826434898578955
157,0.09893923826008921,0.39243738306063775,0.5086233786792731
158,0.06709986396845946,0.555259425349525,0.37764071068201555
159,0.2798249332943311,0.37211736272833884,0.34805770397733
160,0.4052795263804601,0.4985113620691603,0.09620911155037949
161,0.435931163556215,0.417536634117868,0.14653220232591704
162,0.2912335925367381,0.6003970299231256,0.10836937754013636
163,0.030028628749417093,0.23831642868795827,0.7316549425626245
164,0.5873990015229509,0.31579253146218195,0.09680846701486719
165,0.6059131959686094,0.33099921035154833,0.06308759367984229
166,0.25164589102962365,0.3941041388837175,0.3542499700866588
167,0.040303828927768355,0.5933208817232605,0.3663752893489711
168,0.06523537660231657,0.5330930903068115,0.40167153309087195
169,0.4872013082966807,0.46232291831944367,0.05047577338387552
170,0.3135074240783017,0.5734889405585879,0.1130036353631105
171,0.014422383772639843,0.08953975014391355,0.8960378660834467
172,0.4645301468946309,0.42850254770524837,0.10696730540012067
173,0.0038992146175273633,0.03574577463465902,0.9603550107478137
174,0.16599133772629857,0.5046503814572181,0.32935828081648333
175,0.0744839598089133,0.46237108925577913,0.46314495093530744
176,0.01465032808007489,0.14916258466006876,0.8361870872598564
177,0.2109347641003499,0.4957821639184596,0.2932830719811905
178,0.09055408323265339,0.35262532778038436,0.5568205889869622
179,0.05086943523180215,0.2749032858331091,0.6742272789350887
180,0.037373511706458515,0.24030587716410498,0.7223206111294366
181,0.15821010763727988,0.6836154052957724,0.15817448706694784
182,0.05698310823037413,0.21450043699753954,0.7285164547720864
183,0.13559687735122852,0.49393541052376067,0.3704677121250108
184,0.16240039482103624,0.5938939188262523,0.2437056863527114
185,0.0012994552566750585,0.023728121117055464,0.9749724236262696
186,0.10003711777005879,0.4842054152968623,0.4157574669330789
187,0.007778178904425878,0.1418472883569055,0.8503745327386687
188,0.2679550495324326,0.4934835466489106,0.23856140381865693
189,0.05605358362205572,0.33772807812608086,0.6062183382518633
190,0.0400365416755377,0.4559637744317075,0.5039996838927548
191,0.07453308389267503,0.6219699270968635,0.30349698901046157
192,0.019997908668091674,0.27063046879327574,0.7093716225386327
193,0.5541120493975364,0.387190959895311,0.058696990707152466
194,0.6959458657202451,0.25442509536496066,0.04962903891479427
195,0.0030416564881414502,0.04774516956370208,0.9492131739481563
196,0.15497772710668217,0.7064342481165593,0.13858802477675844
197,0.03737838526818715,0.45858381016584976,0.5040378045659631
198,0.5731291960833823,0.4019972384962607,0.024873565420356982
199,0.023685624589898986,0.7787484259436918,0.19756594946640924
200,0.05410490529936368,0.40153987817057174,0.5443552165300647
201,0.2384064963380351,0.494847821008605,0.2667456826533598
202,0.007979469841354855,0.19563927760274324,0.796381252555902
203,0.009895005078965066,0.250535440363831,0.739569554557204
204,0.2536476654165648,0.16148048154525527,0.5848718530381799
205,0.010759082004321071,0.1602631118892603,0.8289778061064187
206,0.008965792950728309,0.2870306543443696,0.704003552704902
207,0.01993366319695544,0.14729878674809424,0.8327675500549503
208,0.10304094082640247,0.6227862324097228,0.2741728267638749
209,0.6254381840388816,0.30213390912413557,0.0724279068369829
210,0.23353679746980247,0.6975095565454821,0.06895364598471536
211,0.3426474373672207,0.4569344953555408,0.20041806727723852
212,0.0218852997391057,0.05978022317104157,0.9183344770898527
213,0.7916028704171134,0.18540434872871786,0.02299278085416865
214,0.07535649493065813,0.26035140432591325,0.6642921007434286
215,0.014860328102074638,0.10783434871966635,0.8773053231782593
216,0.34694281769895446,0.4904920058156157,0.16256517648542998
217,0.0767513119968797,0.3271245961123578,0.5961240918907624
218,0.0638649139554667,0.7464935998057173,0.1896414862388161
219,0.2559681950280186,0.24730764554405868,0.4967241594279227
220,0.08817872188257973,0.5044389998881291,0.4073822782292913
221,0.46700841101484214,0.43038423520108315,0.10260735378407473
222,0.00762303482797141,0.2446928562974917,0.747684108874537
223,0.10954254913088783,0.393806130803381,0.4966513200657312
224,0.06243052710937769,0.10848679280169575,0.8290826800889265
225,0.27464978486688163,0.5876572945246341,0.13769292060848426
226,0.0878804317709015,0.3402391521418838,0.5718804160872146
227,0.359338621491525,0.5811193035594894,0.05954207494898567
228,0.21852687106909247,0.5906428897296415,0.19083023920126604
229,0.08262332241004135,0.5360434809455606,0.38133319664439796
230,0.15469072122594402,0.3405790797388886,0.5047301990351674
231,0.02663377591765838,0.3030394037621441,0.6703268203201974
232,0.7140148472895179,0.23334246781129048,0.052642684899191564
233,0.03454822275681223,0.176718027084895,0.7887337501582927
234,0.07620434260083073,0.6066004158280068,0.3171952415711624
235,0.15140108558670173,0.6271073089107652,0.22149160550253302
236,0.6847696997478487,0.28781413901037933,0.027416161241772014
237,0.5598484629514078,0.36871522951510094,0.0714363075334911
238,0.3087482766319457,0.5296281814162438,0.16162354195181045
239,0.0014996336102064123,0.052556004889688326,0.9459443615001051
240,0.400974584123011,0.4294293406367989,0.1695960752401901
241,0.4673265826821136,0.41622582765499877,0.11644758966288768
242,0.030085678609392964,0.11630909306266035,0.8536052283279467
243,0.10075759211158782,0.46825881693828464,0.43098359095012767
244,0.3974117951716666,0.39536596571260185,0.20722223911573154
245,0.2431801280664087,0.40401152467834195,0.35280834725524934
246,0.3558046859382119,0.3921471982585428,0.2520481158032453
247,0.6002084309384876,0.29862592437404145,0.10116564468747084
248,0.2245821471279376,0.18807979261049768,0.5873380602615648
249,0.018954808897249115,0.23917147000440506,0.7418737210983458
250,0.4583386932258467,0.42065617844605835,0.1210051283280948
251,0.023565626603753838,0.16022909212903597,0.8162052812672101
252,0.5834770049773879,0.3309777397972832,0.08554525522532892
253,0.1528820998869192,0.3907875034899896,0.4563303966230913
254,0.06451454737488851,0.5330996741710092,0.40238577845410217
255,0.3464523755742533,0.49854353771838317,0.15500408670736365
256,0.5778029299134009,0.36548331727079086,0.05671375281580834
257,0.08722879635962613,0.5938520864340815,0.3189191172062924
258,0.32746218510396596,0.5091454601641714,0.16339235473186273
259,0.639545110664059,0.33295534157014284,0.027499547765798254
260,0.7609189850493157,0.22227308535715612,0.0168079295935282
261,0.054761829441948115,0.24139463200066774,0.7038435385573841
262,0.04316582708803374,0.3214432949084845,0.6353908780034818
263,0.4311633425064428,0.44538277555400824,0.12345388193954906
264,0.1451531704084922,0.49590999105173844,0.3589368385397694
265,0.4898204189744318,0.42900138558875306,0.08117819543681512
266,0.4246247692594801,0.4956921027347218,0.07968312800579797
267,0.233001533651658,0.2571892747057589,0.5098091916425831
268,0.002333631858903006,0.015255733864623103,0.9824106342764738
269,0.3041075330776637,0.5683459532454421,0.12754651367689412
270,0.09921052763010511,0.5626519429641594,0.3381375294057354
271,0.7645652849896496,0.12968829810085908,0.10574641690949131
272,0.015736563090168354,0.12130643840050655,0.8629569985093252
273,0.11703601759026697,0.5126979534465856,0.37026602896314736
274,0.006310860752089061,0.0525114509066553,0.9411776883412557
275,0.14181504594323793,0.7635410009115684,0.09464395314519358
276,0.5829337005637223,0.32624053463130637,0.09082576480497125
277,0.44523254816319924,0.4730879488088736,0.08167950302792727
278,0.24692275736609384,0.5598929392664207,0.19318430336748543
279,0.05635745402816937,0.4241445106007344,0.5194980353710962
280,0.14193789740382784,0.45212147691386384,0.40594062568230826
281,0.13501919500642223,0.6643773765690457,0.200603428424532
282,0.010983588187199533,0.03966740267976485,0.9493490091330357
283,0.11128296112779293,0.5433097915098124,0.3454072473623948
284,0.24120224481862698,0.49492437285446994,0.26387338232690305
285,0.30850227224422255,0.4137745615614762,0.2777231661943013
286,0.0016817779752519,0.023876508780573936,0.9744417132441742
287,0.006054501300359699,0.07130930865538714,0.922636190044253
288,0.16624279093819663,0.6156273372730722,0.21812987178873122
289,0.0601508018524867,0.4577000402468627,0.4821491579006505
290,0.061559822936038865,0.34112800909808105,0.59731216796588
291,0.5546121685953475,0.4237093646542848,0.021678466750367678
292,0.05222383373129095,0.48715840475891337,0.4606177615097957
293,0.13114820277432332,0.3643591150377724,0.5044926821879042
294,0.0668365964355743,0.7712726500734158,0.16189075349100984
295,0.1378496823766901,0.5022578288735382,0.3598924887497717
296,0.13665108612935234,0.4567259546602937,0.406622959210354
297,0.026947135773997453,0.30254628056102584,0.6705065836649767
298,0.01006034520393417,0.16471224469383206,0.8252274101022337
299,0.011254968778546696,0.0781474057226924,0.910597625498761
300,0.20298205884553205,0.6279980443280863,0.1690198968263817
301,0.06655833389723269,0.1668697551889324,0.7665719109138349
302,0.036037590327275514,0.2523293659547898,0.7116330437179348
303,0.17228251344611778,0.4898053515072417,0.33791213504664064
304,0.012258655391826974,0.2795474938789807,0.7081938507291923
305,0.6994326751803218,0.2539571331889619,0.04661019163071617
306,0.05585803150708783,0.23390385761377885,0.7102381108791331
307,0.16452586991542645,0.525755755036003,0.30971837504857036
308,0.006738223896129018,0.03804845339933492,0.9552133227045362
309,0.62330728829578,0.3089291546751568,0.06776355702906338
310,0.4783572811436807,0.388900554245208,0.13274216461111127
311,0.49440432913999477,0.44538904867054085,0.060206622189464445
312,0.6300638946490486,0.3424448241919449,0.027491281159006675
313,0.3511087315744065,0.38403931849875794,0.2648519499268355
314,0.06024026450256453,0.2954008173211088,0.6443589181763267
315,0.10111685851124026,0.5604801614757999,0.33840298001295976
316,0.2565847936564312,0.493360990004604,0.25005421633896485
317,0.2938303512622355,0.5766542798335581,0.12951536890420629
318,0.004231118734666418,0.04551844565068884,0.950250435614645
319,0.03125935076673031,0.11225138324299962,0.85648926599027
320,0.4827956495278454,0.43054404482131686,0.08666030565083757
321,0.009083977198924854,0.03690738793356564,0.9540086348675096
322,0.6529873952565459,0.22895475269932103,0.11805785204413302
323,0.43468084338881036,0.3618008306016379,0.2035183260095518
324,0.04195287827792133,0.3902363337505802,0.5678107879714983
325,0.30381514264840054,0.5227826936659903,0.17340216368560912
326,0.18616163982101652,0.4144369901557221,0.3994013700232613
327,0.11809872130468188,0.27066509749018486,0.6112361812051332
328,0.25378565068740677,0.2849218393522297,0.4612925099603634
329,0.14160833747793894,0.5538532394265704,0.30453842309549073
330,0.027382421783569266,0.4079403393489985,0.5646772388674324
331,0.675500294532273,0.2478301557742682,0.0766695496934588
332,0.4207785479963193,0.4479042826726614,0.13131716933101928
333,0.34770394723385967,0.5207493423375187,0.13154671042862165
334,0.11586439185247346,0.6562865992151141,0.22784900893241256
335,0.4545877503700795,0.3650842639644992,0.18032798566542146
336,0.006511388593862978,0.11240828348956382,0.8810803279165731
337,0.23447382144565482,0.6414776247474167,0.12404855380692856
338,0.19867433731531153,0.6729092708399603,0.12841639184472825
339,0.09615523783778555,0.3228778982353778,0.5809668639268366
340,0.29026712740417915,0.4910738707118246,0.21865900188399623
341,0.788054631238971,0.19314454815425294,0.018800820606776115
342,0.6577882607595347,0.3204494636161606,0.021762275624304765
343,0.06846813880020562,0.655517999140071,0.27601386205972334
344,0.08046082344032066,0.4389826265285602,0.48055655003111913
345,0.33659350371782953,0.5462187535723484,0.11718774270982195
346,0.040787415441146446,0.4586325590387806,0.5005800255200731
347,0.07599578796494745,0.2857284599339996,0.6382757521010529
348,0.020760566315002622,0.21698819303463832,0.762251240650359
349,0.234612521570477,0.6104186912393662,0.15496878719015686
350,0.17022140133604596,0.457488771007572,0.3722898276563821
351,0.03964449435174808,0.2651608431665437,0.6951946624817082
352,0.7550469965974805,0.2056202358436759,0.03933276755884352
353,0.17990623077348894,0.3990299990126615,0.4210637702138495
354,0.37487062454426406,0.5126971440364579,0.11243223141927786
355,0.10915534153036921,0.44349367770365006,0.4473509807659809
356,0.03877496796689428,0.25680508897767795,0.7044199430554278
357,0.32223920653445826,0.5512065726324236,0.12655422083311824
358,0.06380674453443991,0.6165929513544758,0.31960030411108437
359,0.11002986121539773,0.7037488827580992,0.1862212560265031
360,0.3273166152944292,0.43458758039093165,0.23809580431463911
361,0.08359570852562483,0.27963079868354457,0.6367734927908305
362,0.21524427151362774,0.4541510929373708,0.33060463554900144
363,0.19882579845629506,0.4007353548449723,0.40043884669873264
364,0.08547297166168362,0.40647735399864643,0.50804967433967
365,0.24586389580508938,0.5375673999070776,0.2165687042878332
366,0.13954988798047538,0.2925505477285006,0.5678995642910241
367,0.5733192996300227,0.3749480964063744,0.05173260396360298
368,0.071979572446897,0.19488655280735706,0.7331338747457459
369,0.004270436861926817,0.045435621947792444,0.9502939411902807
370,0.1549078578084139,0.3969399889589691,0.44815215323261715
371,0.6118082518609085,0.3452454054424201,0.04294634269667143
372,0.14810913018684163,0.31878648932104037,0.5331043804921182
373,0.45359368889050566,0.26442054471851606,0.2819857663909782
374,0.01837322539008781,0.36394794480450093,0.6176788298054113
375,0.06490832698916396,0.32347924000889344,0.6116124330019427
376,0.04401277604147845,0.3298342160812995,0.6261530078772218
377,0.26262415586703935,0.6265258439267225,0.1108500002062381
378,0.03671622552040501,0.16750893317327148,0.7957748413063236
379,0.0929534441484269,0.49516391649260993,0.41188263935896313
380,0.29685702001921216,0.572992879028479,0.1301501009523088
381,0.8239048778464302,0.14895170899461505,0.027143413158954882
382,0.44014580638366396,0.45488198347904296,0.1049722101372931
383,0.09683966779385202,0.5904919640123605,0.3126683681937875
384,0.041065410933705006,0.2674159312087499,0.6915186578575451
385,0.17499989314559755,0.6080821146218623,0.21691799223254007
386,0.2721012207679412,0.4574197349352069,0.27047904429685177
387,0.15288440760908775,0.6570624130270637,0.19005317936384855
388,0.6261011088066388,0.3380286649493601,0.035870226244000984
389,0.4137631470562931,0.46170251577905014,0.12453433716465678
390,0.05767953152823818,0.15291268365475713,0.7894077848170047
391,0.0880104966714783,0.48079814808805976,0.4311913552404619
392,0.18962412745900536,0.6714516088690289,0.13892426367196575
393,0.48325863559030646,0.45577593184574355,0.060965432563949915
394,0.6603353297201505,0.2254344973753545,0.11423017290449486
395,0.06323679665387703,0.5042395871112358,0.43252361623488705
396,0.34233198607068505,0.4530009583675671,0.20466705556174786
397,0.2520518797547013,0.5964443852837518,0.15150373496154704
398,0.8060414282613542,0.1605451673919882,0.033413404346657655
399,0.1750684992137903,0.4764192481365651,0.34851225264964464
400,0.04499215413139225,0.3255517491266863,0.6294560967419214
401,0.36207955484824633,0.3838202763181979,0.25410016883355574
402,0.2704058564014027,0.3475281439750244,0.382065999623573
403,0.08072556588525011,0.38120081557763597,0.538073618537114
404,0.5509468720522401,0.3331622386086585,0.11589088933910155
405,0.017039136083341268,0.10902392065013841,0.8739369432665203
406,0.7285903273698179,0.20461484187382428,0.06679483075635781
407,0.43324675169454885,0.3778717830752954,0.18888146523015586
408,0.012909148759191658,0.14688204457031434,0.8402088066704939
409,0.18984603935423955,0.5823939691116052,0.22775999153415522
410,0.18076488149119505,0.5047014117370039,0.31453370677180115
411,0.002770251849069834,0.01833787560873024,0.9788918725421999
412,0.6687042768062057,0.2695635567743146,0.06173216641947954
413,0.1656208675484023,0.5706802987926417,0.2636988336589561
414,0.017979178825311293,0.11456529975294369,0.8674555214217451
415,0.01464325848983428,0.13069022884511045,0.8546665126650552
416,0.07030832418942262,0.5119661956425525,0.4177254801680249
417,0.3302384895960137,0.46774135718494697,0.20202015321903932
418,0.7998465049343112,0.16865429232550716,0.03149920274018177
419,0.4540065599389094,0.4854420730069853,0.0605513670541053
420,0.0006171377031177584,0.007098628732248606,0.9922842335646337
421,0.6285301685734375,0.3060010462408896,0.06546878518567287
422,0.25172496079780604,0.4987204525786069,0.2495545866235871
423,0.1770529575280481,0.12818308685007362,0.6947639556218781
424,0.14263468214628874,0.5406151672798589,0.31675015057385225
425,0.40882459538411114,0.5086456944908905,0.08252971012499834
426,0.021193190444901155,0.19689480515694754,0.7819120043981513
427,0.27268609574242975,0.28137732439612695,0.4459365798614433
428,0.26464739984342206,0.5796487139124731,0.15570388624410483
429,0.23476906407487236,0.5456751251237182,0.21955581080140943
430,0.005899476274451612,0.1400671057456801,0.8540334179798682
431,0.19007332961203738,0.5092452048985608,0.30068146548940183
432,0.08982125600563089,0.5840567000898593,0.3261220439045098
433,0.06318129939237788,0.5178222630986461,0.41899643750897597
434,0.3650803443104729,0.4814876518422782,0.153432003847249
435,0.4812796261985984,0.4430468441027241,0.07567352969867754
436,0.30864542262008865,0.587220254255636,0.10413432312427544
437,0.41271752770770476,0.39682487696123725,0.19045759533105805
438,0.006383111892012318,0.14715061773638266,0.8464662703716049
439,0.010815792170830079,0.10153465218219951,0.8876495556469705
440,0.02794730274162856,0.17654945127730173,0.7955032459810698
441,0.3104568721104899,0.5446674711745342,0.1448756567149759
442,0.3217270493232738,0.5978507166892422,0.08042223398748394
443,0.2203948484144605,0.5020085930875876,0.27759655849795195
444,0.017251048097470856,0.1425175079554522,0.8402314439470768
445,0.00700014706959331,0.0509972360562214,0.9420026168741854
446,0.12858624328179463,0.5245452490725345,0.3468685076456709
447,0.31012996501864665,0.4719177523007427,0.21795228268061062
448,0.5863586509834815,0.32573806995439064,0.08790327906212789
449,0.00941257064836224,0.17281663293259875,0.8177707964190389
450,0.8819394086583909,0.09164818923402357,0.02641240210758561
451,0.06935275361160322,0.37597548980545403,0.5546717565829427
452,0.16962079877715033,0.5390722493492032,0.29130695187364636
453,0.5077090584066299,0.3913506491432829,0.10094029245008722
454,0.7072706035359222,0.25166252250082904,0.04106687396324875
455,0.03734514411993615,0.23585375163874037,0.7268011042413234
456,0.16191038875585195,0.29760840005622935,0.5404812111879187
457,0.3396045406375777,0.5401735784927244,0.12022188086969787
458,0.17372518385236158,0.4451363928729403,0.3811384232746981
459,0.21811750550867964,0.6205712460148968,0.16131124847642359
460,0.6076328181490853,0.34256889801359336,0.04979828383732131
461,0.2792510127281981,0.49974536737401437,0.2210036198977876
462,0.29724557393461193,0.3375911323376608,0.3651632937277272
463,0.21798086501441608,0.5044342636464259,0.27758487133915805
464,0.09309898208744907,0.48147715835360083,0.42542385955895
465,0.4781833503855807,0.31019821059109853,0.21161843902332073
466,0.6744776559992975,0.25583908983237064,0.0696832541683318
467,0.12334360643230838,0.44644900145311334,0.43020739211457826
468,0.7926892437264236,0.18102044570950654,0.02629031056406984
469,0.2036337155847489,0.6997031011511388,0.0966631832641124
470,0.009526686098188943,0.0662489974237239,0.9242243164780872
471,0.024157080773854988,0.13498724343498547,0.8408556757911596
472,0.042569474486548006,0.2543533503584335,0.7030771751550184
473,0.7238320985194819,0.22433089677062087,0.051837004709897216
474,0.27873561271746017,0.3662909564270108,0.35497343085552896
475,0.252147832946967,0.5782555425697631,0.1695966244832699
476,0.5822143343500144,0.34234079375164156,0.07544487189834401
477,0.014124866442334686,0.09378404695629286,0.8920910866013724
478,0.4714063307695643,0.4423618645146409,0.0862318047157948
479,0.17664445946311105,0.394324195780895,0.42903134475599397
480,0.22065626104654834,0.516129277107329,0.2632144618461226
481,0.03930078452794395,0.21211288084129576,0.7485863346307603
482,0.24959955741126616,0.6107622533907425,0.13963818919799142
483,0.030608024123975876,0.34780224450367,0.6215897313723542
484,0.3996898331115504,0.41468818802036633,0.18562197886808326
485,0.16774977672151642,0.42380679369417706,0.40844342958430657
486,0.13102530226321377,0.5958653219565085,0.27310937578027783
487,0.878218231760717,0.09511035090720983,0.02667141733207315
488,0.03054285170167071,0.5854328043266557,0.38402434397167373
489,0.10252992167399752,0.6114278350746069,0.28604224325139566
490,0.040039488713225525,0.22908982231153882,0.7308706889752357
491,0.06839175027316405,0.6034660556838705,0.3281421940429654
492,0.07894950515760775,0.47547547927478384,0.44557501556760853
493,0.12214963307597033,0.576692605971872,0.3011577609521578
494,0.49346610098715954,0.1994480020768818,0.3070858969359587
495,0.0028616145941422868,0.0996945756231152,0.8974438097827424
496,0.8010024713144169,0.17763162745152522,0.021365901234057995
497,0.31439591837011716,0.6011470600773109,0.08445702155257201
498,0.1407447611858073,0.18519108419266578,0.6740641546215269
499,0.044335270926533735,0.7103577931498369,0.2453069359236292
500,0.5583599870599387,0.39787284429142045,0.04376716864864093
501,0.007319732505255046,0.10322885154565106,0.889451415949094
502,0.11480061481419897,0.4330476827274691,0.45215170245833186
503,0.34581571158728197,0.33785328440986806,0.3163310040028499
504,0.11372881636716618,0.6381275479626312,0.24814363567020262
505,0.3454861216679344,0.44887863102011166,0.2056352473119539
506,0.02848155012521269,0.18219947744691364,0.7893189724278735
507,0.264389113065664,0.49177467679115516,0.2438362101431808
508,0.21167411934869151,0.34094370608272584,0.44738217456858276
509,0.4747841479894495,0.4682476900460002,0.05696816196455027
510,0.04597779436988134,0.3929364720288226,0.5610857336012961
511,0.09489763523537689,0.45442957871856704,0.45067278604605593
512,0.2656104344244937,0.30460136039108543,0.42978820518442085
513,0.10471406565303334,0.6239558610933746,0.27133007325359204
514,0.004072048687855425,0.03951185765516548,0.9564160936569792
515,0.023334156532431684,0.0987914591559147,0.8778743843116535
516,0.062361739171044005,0.20150323186304578,0.7361350289659103
517,0.30641303799971226,0.40929689879973125,0.2842900632005566
518,0.25536012232273503,0.5442401834375009,0.20039969423976398
519,0.3271227457636186,0.4792250236510148,0.19365223058536657
520,0.16516659844668807,0.5902864954871234,0.24454690606618845
521,0.4831864248484261,0.4505432807990353,0.0662702943525386
522,0.009630552013063858,0.06449658204291414,0.9258728659440221
523,0.059081813569237675,0.7346351886058243,0.20628299782493803
524,0.19191537607333575,0.5586882597868483,0.24939636413981595
525,0.2178418774347361,0.4742190976116385,0.3079390249536254
526,0.3558465159170394,0.4335757078183424,0.21057777626461816
527,0.09187071675904893,0.6198319878833389,0.28829729535761206
528,0.582565996539843,0.34571482587828806,0.07171917758186892
529,0.361766257104421,0.3492106883726151,0.28902305452296384
530,0.15595578917432487,0.24729392642570575,0.5967502843999694
531,0.14356842565059957,0.5280451086088758,0.3283864657405246
532,0.3087131848318517,0.29110432530465824,0.4001824898634899
533,0.06637026955144407,0.34056424444175615,0.5930654860067998
534,0.07156033194391345,0.4580265464401241,0.47041312161596255
535,0.08262332241004135,0.5360434809455606,0.38133319664439796
536,0.3043899822042155,0.5347418870428784,0.16086813075290612
537,0.1155208514618324,0.4879332498639144,0.39654589867425305
538,0.3244169575689223,0.44417244950544277,0.231410592925635
539,0.1542695151821961,0.4460159691468905,0.3997145156709134
540,0.1666861269478045,0.45829734417416496,0.37501652887803044
541,0.0710461785491859,0.32948373659392216,0.5994700848568921
542,0.1490557915273192,0.5873865240085326,0.2635576844641482
543,0.3659062419117915,0.5412465798958557,0.09284717819235275
544,0.04867476530691682,0.5010173580653692,0.450307876627714
545,0.09214677567465059,0.5285861357637853,0.37926708856156405
546,0.6685652385417267,0.2637632407146798,0.06767152074359357
547,0.7321246245723985,0.1191630977085191,0.1487122777190823
548,0.5443981424540747,0.2962416250993966,0.15936023244652867
549,0.20784138929814716,0.6896343217743622,0.10252428892749066
550,0.4518961056036378,0.5032075320074387,0.044896362388923514
551,0.13850615458363397,0.6481056554460476,0.21338818997031855
552,0.3985031328358199,0.49313492077593785,0.10836194638824226
553,0.2630052917876044,0.6077861431751075,0.1292085650372882
554,0.048553572273790264,0.2905392094946236,0.6609072182315863
555,0.5821536202915859,0.36012575997291446,0.05772061973549962
556,0.30188592703434336,0.5013670431137782,0.19674702985187825
557,0.20832736640257118,0.29986382494860464,0.49180880864882404
558,0.003107885875903927,0.04144087065521489,0.955451243468881
559,0.2792859821396441,0.6176557155868315,0.10305830227352433
560,0.1075075335804924,0.521424021416176,0.37106844500333147
561,0.17527054389706248,0.22534081059352412,0.5993886455094133
562,0.0040394047869253685,0.022768364785187505,0.9731922304278872
563,0.1401506925665855,0.6127768493493514,0.24707245808406314
564,0.7657555582588319,0.12777228254919915,0.10647215919196913
565,0.39517267079151114,0.46500735285745287,0.139819976351036
566,0.11919263983031528,0.7168076733164435,0.16399968685324143
567,0.16528386112684007,0.5434933347756712,0.29122280409748874
568,0.07902112062912889,0.4840863018352942,0.43689257753557686
569,0.013067504492679797,0.11423671168421698,0.8726957838231032
570,0.001213043758196201,0.025634867480610602,0.9731520887611932
571,0.11254400471411614,0.7451051705536684,0.1423508247322154
572,0.2793781586634883,0.6764763946364842,0.04414544670002743
573,0.10191278442207656,0.34841104323426036,0.549676172343663
574,0.219187309887959,0.6892785313472337,0.09153415876480728
575,0.05332964085334824,0.4429202610658997,0.503750098080752
576,0.13008677513652062,0.48502021835446607,0.38489300650901337
577,0.3450327355788307,0.4057628323298273,0.24920443209134202
578,0.013413073571387098,0.19850016778353216,0.7880867586450807
579,0.020470630468062207,0.23502862289082035,0.7445007466411175
580,0.007508713966816792,0.14069107257912516,0.8518002134540581
581,0.011403120249075981,0.08919842482305089,0.8993984549278732
582,0.7303251890800524,0.22539667983353012,0.04427813108641755
583,0.2320146311320192,0.705785935561505,0.062199433306475704
584,0.0649640912418211,0.3044976185770382,0.6305382901811407
585,0.40530869702855987,0.4767169109936993,0.11797439197774096
586,0.6637820146667642,0.2855851199932461,0.0506328653399896
587,0.0020140399676753713,0.023180480479987553,0.9748054795523371
588,0.5795153111708787,0.344483977590106,0.07600071123901522
589,0.004267434422527304,0.07510475049129074,0.920627815086182
590,0.16310066008965793,0.4492416007390666,0.3876577391712755
591,0.2979904141420675,0.5132898643871163,0.188719721470816
592,0.5856960142931344,0.33607221675972615,0.07823176894713933
593,0.01050577791098923,0.07009786375668249,0.9193963583323284
594,0.5209524443471201,0.4002837695411234,0.07876378611175658
595,0.6072707845916259,0.2833406367414068,0.10938857866696734
596,0.2658784210210248,0.46434980272562426,0.26977177625335086
597,0.3855824168914045,0.418384732594639,0.1960328505139566
598,0.12646788060495748,0.48619876112099325,0.38733335827404924
599,0.5753199751292604,0.32919520933894086,0.0954848155317988
600,0.015687147573445113,0.12315078437476826,0.8611620680517866
601,0.3116023174890053,0.5998521812265497,0.08854550128444523
602,0.002383841797001742,0.027020650882427454,0.9705955073205708
603,0.06106246566899724,0.31260395691053117,0.6263335774204716
604,0.15060517677561397,0.4792499544620978,0.37014486876228825
605,0.0013094415969220996,0.02717841886114533,0.9715121395419326
606,0.6071584694374097,0.28824813246824993,0.1045933980943404
607,0.027271659986451598,0.40184807451161025,0.5708802655019383
608,0.101509542576806,0.3727435068610651,0.525746950562129
609,0.13622116351008628,0.15941391990296744,0.7043649165869463
610,0.3464523755742533,0.49854353771838317,0.15500408670736365
611,0.43983692385713374,0.5216352862136862,0.03852778992918014
612,0.008748109146492409,0.16292281940212122,0.8283290714513865
613,0.07377937433311652,0.3633261200059918,0.5628945056608916
614,0.10486583900820015,0.3962151688181309,0.49891899217366886
615,0.05838907774589992,0.23674604262171858,0.7048648796323815
616,0.10388823771665578,0.6477059884326362,0.24840577385070808
617,0.022857550379255236,0.15786695230410824,0.8192754973166366
618,0.35380408703050764,0.49398349896141935,0.152212414008073
619,0.02466250167902645,0.31723343423471534,0.6581040640862582
620,0.1847787834362003,0.724422790358666,0.09079842620513354
621,0.23776265425408555,0.6210996878514673,0.14113765789444707
622,0.044468854085514445,0.29465237191260146,0.6608787740018842
623,0.6300066217663536,0.3405520028018728,0.0294413754317737
624,0.006282827404571785,0.1704544597370599,0.8232627128583683
625,0.06645513450522599,0.7927685306727073,0.1407763348220668
626,0.5920981536678356,0.3037459924197575,0.10415585391240693
627,0.1664161141128346,0.5386225996917651,0.2949612861954003
628,0.8505675456190334,0.11759980721492827,0.03183264716603858
629,0.38592386793044803,0.4413315396455527,0.17274459242399937
630,0.14871623603275008,0.5503757912474951,0.30090797271975467
631,0.3691527600369312,0.4153580757334999,0.21548916422956893
632,0.3869236819491179,0.47131587168937833,0.14176044636150362
633,0.36155599302105473,0.4822649700653451,0.15617903691360024
634,0.41937909428573195,0.4872096028682888,0.09341130284597925
635,0.3472850857713844,0.5351845975345116,0.11753031669410392
636,0.2433909999577389,0.5651861989758667,0.1914228010663944
637,0.1322220205861283,0.5594133746762897,0.30836460473758204
638,0.2908319236389506,0.591854740750843,0.11731333561020638
639,0.0032564030390286824,0.08545723873624213,0.9112863582247291
640,0.01183550166614375,0.23755425569648186,0.7506102426373744
