ID,high,medium,low
1,0.620810863047499,0.33095757344558174,0.04823156350691942
2,0.16027035121741562,0.637903648910585,0.20182599987199934
3,0.03127465680078648,0.1913495514066178,0.7773757917925957
4,0.5567270754620726,0.34834244175778545,0.09493048278014192
5,0.011884549291405413,0.14037010911848338,0.8477453415901113
6,0.0053942890928781444,0.04389337904692817,0.9507123318601938
7,0.0783825939740533,0.4330731732714173,0.48854423275452935
8,0.21966893848888785,0.5429716484466961,0.23735941306441596
9,0.2606483815981727,0.3773381994343403,0.36201341896748696
10,0.25992799981703035,0.2718126887208003,0.4682593114621694
11,0.31068233952617264,0.5718470105041059,0.1174706499697215
12,0.12741560863797374,0.5861620344239091,0.2864223569381172
13,0.00908689581282505,0.10897236526939953,0.8819407389177755
14,0.1243704992058124,0.3716619343902156,0.5039675664039721
15,0.15047192446153254,0.37163345947509285,0.4778946160633747
16,0.028338825197903574,0.6133136192913126,0.35834755551078384
17,0.057725246468906546,0.17390813573462713,0.7683666177964662
18,0.06354408248505047,0.29314066878122935,0.6433152487337199
19,0.5807680568910941,0.3937726956927286,0.025459247416177326
20,0.1980320976153688,0.6608119779708886,0.14115592441374264
21,0.11759437309371015,0.5892743620816459,0.2931312648246439
22,0.015824670201616126,0.0924888053586621,0.8916865244397219
23,0.19298892301610873,0.3608111069603849,0.4461999700235064
24,0.13842131082701276,0.6086203846474432,0.2529583045255442
25,0.3141101056904857,0.4214516978026029,0.26443819650691147
26,0.01574452464982061,0.24652909746231133,0.737726377887868
27,0.25166910380844204,0.3220460555007226,0.4262848406908354
28,0.4618687590331202,0.4773482774612721,0.060782963505607725
29,0.07449472206147784,0.3322798278087402,0.593225450129782
30,0.2627194382655079,0.6275559011318926,0.10972466060259929
31,0.3748145816793514,0.3625716876394741,0.2626137306811745
32,0.46264874210457574,0.4555431248411018,0.08180813305432255
33,0.02167765280204605,0.13896585747118723,0.8393564897267666
34,0.0258271943126752,0.16068938804423252,0.8134834176430921
35,0.19956285143069924,0.37558103687970207,0.42485611168959875
36,0.007233356540413844,0.14263265743749656,0.8501339860220897
37,0.15948461456490853,0.6818480329747801,0.15866735246031136
38,0.10798735033637914,0.3513896420898963,0.5406230075737246
39,0.19928071852932755,0.6441291715512241,0.1565901099194485
40,0.5996511780644983,0.3359852258640816,0.06436359607142009
41,0.12225063396782457,0.4820756334866806,0.3956737325454948
42,0.3511004360449983,0.5241265746678028,0.12477298928719889
43,0.021873734236114172,0.22694568739968135,0.7511805783642045
44,0.0480043688418135,0.5005658202559207,0.45142981090226586
45,0.05533963993416922,0.4557731314619892,0.4888872286038416
46,0.6080558765006135,0.36145750380450437,0.030486619694881978
47,0.18879337381690908,0.44547839926848243,0.3657282269146086
48,0.07529014111717322,0.47606904438073616,0.44864081450209065
49,0.22120591683506827,0.4434342790504098,0.33535980411452193
50,0.5773108470728296,0.36109156371604845,0.061597589211121864
51,0.3864292389262895,0.4611440319646201,0.15242672910909036
52,0.687626159354714,0.3016245619505057,0.010749278694780217
53,0.48676653999418534,0.40466628431216867,0.10856717569364596
54,0.666267786442934,0.2735710247767301,0.06016118878033581
55,0.039644849103547944,0.25283444838421376,0.7075207025122383
56,0.06700904916413937,0.6808577213326765,0.2521332295031841
57,0.25649925464381484,0.38908765698447945,0.35441308837170576
58,0.0017321722563568946,0.052828588378291866,0.9454392393653512
59,0.17651677030127066,0.7552281667975033,0.06825506290122596
60,0.03999058471417974,0.40534512885772606,0.5546642864280943
61,0.04697705316508173,0.30332637198154694,0.6496965748533713
62,0.13411381707493394,0.623600514167257,0.24228566875780916
63,0.15827956514501232,0.701670078260334,0.14005035659465362
64,0.2634163297452413,0.40730268204005693,0.32928098821470164
65,0.42850410253014787,0.40569953067590686,0.1657963667939453
66,0.6231287516946108,0.28556018914496223,0.09131105916042694
67,0.10290243167752464,0.18429519219191184,0.7128023761305635
68,0.43163966784429864,0.3952235961833854,0.17313673597231602
69,0.2508446149826748,0.5989433740545429,0.1502120109627822
70,0.007699520090200968,0.19621625697085107,0.796084222938948
71,0.09968089437654713,0.4899695664951313,0.4103495391283215
72,0.39157761447734724,0.529204586359515,0.07921779916313781
73,0.19686595873150797,0.6735282373171849,0.129605803951307
74,0.11596260807647625,0.33530866245163665,0.5487287294718872
75,0.0965846515782967,0.7292241846924841,0.17419116372921933
76,0.7473687448232534,0.17280098022784093,0.0798302749489056
77,0.022511517791090386,0.3796434038670675,0.5978450783418421
78,0.09310632210578298,0.34248635528849714,0.5644073226057198
79,0.16365201056957618,0.5541326890012948,0.28221530042912907
80,0.2588803314574687,0.6385462321519446,0.10257343639058683
81,0.0012790349707170862,0.009187188272976335,0.9895337767563065
82,0.2445850905939091,0.60709904701108,0.14831586239501104
83,0.03139638381742278,0.13032484057880775,0.8382787756037693
84,0.06120562187164341,0.4104843554232973,0.5283100227050592
85,0.11826572435367318,0.4115318926728473,0.4702023829734795
86,0.2995024093777344,0.3450835653069319,0.3554140253153336
87,0.03496715197248044,0.2651900754458976,0.6998427725816219
88,0.17238159040789186,0.588698670672997,0.2389197389191112
89,0.0754133035005058,0.3518036639372029,0.5727830325622912
90,0.3983497365344337,0.39670815473715926,0.20494210872840707
91,0.002635411949603805,0.03339981382816035,0.9639647742222358
92,0.0842070851085356,0.4972091275917637,0.41858378729970075
93,0.7087202622979705,0.15328496566742716,0.1379947720346023
94,0.08424469416203433,0.3660830969665409,0.5496722088714248
95,0.5676842595393317,0.38524892551130885,0.047066814949359555
96,0.1043063341503272,0.6460982059420812,0.24959545990759152
97,0.6551770228820262,0.24069506349875103,0.10412791361922283
98,0.026576882082745536,0.28247754839303274,0.6909455695242216
99,0.26594786324155156,0.39645494912779583,0.3375971876306526
100,0.3175678725616001,0.5616992289280326,0.12073289851036739
101,0.07117460908668177,0.2907893497549967,0.6380360411583216
102,0.16297128525829055,0.6350659761783962,0.20196273856331315
103,0.27420641320624356,0.5555057960779475,0.17028779071580907
104,0.3609960755699582,0.5031062071343052,0.13589771729573658
105,0.559412805181906,0.37208436704689046,0.0685028277712036
106,0.47158187396665907,0.42466281065956546,0.10375531537377547
107,0.35014539546151596,0.3786760139158508,0.2711785906226332
108,0.3671672801598933,0.5231239223939934,0.10970879744611324
109,0.11388314088104017,0.5622636463536126,0.3238532127653472
110,0.3905633735586107,0.4794064099020064,0.13003021653938293
111,0.0038646176270437384,0.12190829594011787,0.8742270864328384
112,0.018601353083578732,0.35198623638126636,0.629412410535155
113,0.0184246544055452,0.2481470430366454,0.7334283025578094
114,0.5234010150973011,0.3150563822219661,0.161542602680733
115,0.5546039637413064,0.3965243184381363,0.048871717820557395
116,0.3062267303284649,0.5007645615557571,0.19300870811577794
117,0.024652807456726107,0.1575402774855244,0.8178069150577494
118,0.17663128827641644,0.3909077670202416,0.4324609447033419
119,0.38048425830168586,0.44067308965479857,0.17884265204351554
120,0.43991940507591865,0.45056546330892583,0.10951513161515547
121,0.23650891252636613,0.5520520413484424,0.21143904612519146
122,0.0014948870523155714,0.006359449384682364,0.992145663563002
123,0.03515094266401589,0.15549512925476447,0.8093539280812194
124,0.10619719993632937,0.5689158385875192,0.3248869614761515
125,0.016882004703142293,0.3393234329088329,0.6437945623880248
126,0.06657982591631398,0.6976209239062856,0.2357992501774004
127,0.2732283200324817,0.6186561368250443,0.1081155431424741
128,0.49370076284949277,0.3712513373505763,0.13504789979993093
129,0.1264894269631483,0.30676848491357483,0.5667420881232769
130,0.006096484784306889,0.0443262355030503,0.9495772797126429
131,0.4494674342283759,0.3876945980579224,0.16283796771370182
132,0.17190121045970297,0.6564024148063423,0.17169637473395466
133,0.5146101164846979,0.3795165508799057,0.10587333263539642
134,0.2501029014774916,0.5249557880386977,0.22494131048381072
135,0.1478843983885162,0.2965770048003184,0.5555385968111655
136,0.15049170403145667,0.4297969081777667,0.41971138779077666
137,0.25810804212169447,0.5268086020871998,0.21508335579110568
138,0.33927194147032774,0.42259918566019755,0.23812887286947473
139,0.04628467804155749,0.21353236935319395,0.7401829526052486
140,0.24376817547273455,0.559172210054397,0.19705961447286852
141,0.0002899599926512503,0.004538142597534243,0.9951718974098144
142,0.06503952298349383,0.8745496094832019,0.06041086753330436
143,0.4220771804783565,0.46139576072294536,0.11652705879869804
144,0.0031725426774441567,0.03944231806399433,0.9573851392585615
145,0.2679941089278768,0.2915108034997608,0.4404950875723624
146,0.12192326253026216,0.6089922479517298,0.2690844895180081
147,0.03469481282658053,0.2055476439309179,0.7597575432425016
148,0.019873768489453447,0.07406077088918533,0.9060654606213611
149,0.05928021219730103,0.30847002172550453,0.6322497660771944
150,0.0016794729818445434,0.02732548348862055,0.9709950435295351
151,0.10006699434784602,0.13505235334980867,0.7648806523023453
152,0.22009073859423048,0.5933138995646362,0.18659536184113332
153,0.1863942321658574,0.4584726414892801,0.3551331263448625
154,0.19492403146222553,0.17196809825276377,0.6331078702850108
155,0.02910759886980857,0.1536096532602123,0.8172827478699792
156,0.3571489407648084,0.5192472992936197,0.12360375994157183
157,0.09367386565439195,0.4269393245168832,0.47938680982872484
158,0.06421653308051481,0.5429357735510465,0.3928476933684387
159,0.22166414301483078,0.382234581313808,0.3961012756713612
160,0.4164305801501976,0.5000829959788637,0.08348642387093863
161,0.42167939130285215,0.4192603016463905,0.15906030705075738
162,0.2955480619343197,0.6010169472334361,0.10343499083224413
163,0.03536413722889131,0.23731327084470735,0.7273225919264014
164,0.420477443402482,0.44886270233836745,0.1306598542591505
165,0.6508119989423584,0.29432035865833406,0.05486764239930758
166,0.28633530718187117,0.4835220505574919,0.23014264226063688
167,0.04288621433584704,0.6421970016441476,0.31491678402000556
168,0.07061287757822034,0.5591466045585028,0.37024051786327694
169,0.6114985000141033,0.33652340334194114,0.051978096643955654
170,0.19720677219550128,0.7251029936370379,0.07769023416746088
171,0.012217479429051074,0.11756093472404153,0.8702215858469075
172,0.43482927789046294,0.4790604007648766,0.08611032134466043
173,0.0021347660555491752,0.021959159305148645,0.975906074639302
174,0.13471057212208062,0.46193040647490824,0.4033590214030112
175,0.07558405995106657,0.5610917789596602,0.36332416108927323
176,0.0211305198236963,0.1575441484755782,0.8213253317007256
177,0.21412801793191966,0.47357822303372704,0.3122937590343533
178,0.0964359310037888,0.36975932229230446,0.5338047467039068
179,0.013451312641221957,0.22035641868755454,0.7661922686712235
180,0.04414423016602317,0.2815489488639614,0.6743068209700154
181,0.09354498902945965,0.7458886986209874,0.16056631234955285
182,0.08657736216716592,0.23686184868041477,0.6765607891524192
183,0.13647987237653328,0.5614679732748991,0.3020521543485676
184,0.18427951782211924,0.4884194291924981,0.3273010529853827
185,0.0030509532862933015,0.039117450482202325,0.9578315962315044
186,0.15634035604143257,0.40555594589453736,0.43810369806403016
187,0.004055846759270088,0.23368839447544354,0.7622557587652863
188,0.2215999403815713,0.5051109090511848,0.2732891505672439
189,0.04334523920129367,0.4869071728243811,0.46974758797432525
190,0.04201322708340629,0.4541749177322213,0.5038118551843723
191,0.07774735468471618,0.5271529440678309,0.39509970124745303
192,0.01705617639810126,0.24082043525881897,0.7421233883430798
193,0.46264874210457574,0.4555431248411018,0.08180813305432255
194,0.7770215341580385,0.17317373959806964,0.0498047262438919
195,0.0027741758536965707,0.03562221638681362,0.9616036077594898
196,0.09857709718855259,0.7945516769820654,0.10687122582938195
197,0.05468113060331915,0.4168297232786965,0.5284891461179844
198,0.46553803816304073,0.4980244395661001,0.03643752227085923
199,0.034539183360852106,0.7441192867448148,0.22134152989433314
200,0.03712614252798346,0.34060567100114547,0.622268186470871
201,0.26993784346890337,0.3899376312394486,0.34012452529164816
202,0.01298834851107904,0.23279216402048544,0.7542194874684355
203,0.006073262162293824,0.3033142406887369,0.6906124971489692
204,0.17839317266806642,0.15729757210980952,0.664309255222124
205,0.018552121297177572,0.16889257222226114,0.8125553064805612
206,0.009453620600771359,0.26447207126360706,0.7260743081356217
207,0.009069940249310234,0.10268216193122182,0.888247897819468
208,0.09129466383508655,0.7142115555220008,0.19449378064291264
209,0.6159270844610163,0.32086461170012276,0.063208303838861
210,0.31202870686252265,0.6032119147217594,0.08475937841571804
211,0.30521391361989103,0.520372627490684,0.17441345888942497
212,0.03182025686791949,0.0637150666227518,0.9044646765093288
213,0.6080558765006135,0.36145750380450437,0.030486619694881978
214,0.09389337237823706,0.27813843267271976,0.6279681949490432
215,0.010757470727658107,0.15169242277833403,0.8375501064940079
216,0.29099011282788234,0.5391153708411324,0.16989451633098535
217,0.09443508665760704,0.2917458056463161,0.613819107696077
218,0.04731383821964186,0.7581566649566001,0.19452949682375792
219,0.16488582945722555,0.2017602993639375,0.6333538711788369
220,0.07627469908451315,0.4620777595946263,0.46164754132086055
221,0.38267020646269734,0.5284967238838992,0.0888330696534034
222,0.014288050956609127,0.26973850015874284,0.7159734488846481
223,0.061227424633685856,0.31408366370660296,0.6246889116597112
224,0.006082415675630009,0.0431336465632806,0.9507839377610893
225,0.25084672467348407,0.59485756680833,0.15429570851818603
226,0.03860681037006358,0.27689517956377224,0.6844980100661642
227,0.3005930272828293,0.645036092089353,0.05437088062781783
228,0.22060634000466023,0.5826272887125503,0.19676637128278954
229,0.1322107554336031,0.5983650536462043,0.26942419092019265
230,0.1640196966140109,0.3780829010744515,0.4578974023115376
231,0.009587241596262468,0.31795713031281087,0.6724556280909266
232,0.8000703922722895,0.15923562210615888,0.040693985621551416
233,0.02574769084881954,0.16703402506697232,0.8072182840842081
234,0.0830876529792901,0.7234809487621524,0.19343139825855743
235,0.12926092926884925,0.7166032345071953,0.15413583622395546
236,0.5469511954263622,0.39829851709496206,0.054750287478675955
237,0.49774649342536054,0.4360987792564546,0.06615472731818485
238,0.2585662940906454,0.5614106549005833,0.18002305100877125
239,0.005670709971661822,0.07204905099784598,0.9222802390304923
240,0.357508949016453,0.5957160566685572,0.046774994314989826
241,0.5387396612748607,0.3247976951835695,0.13646264354156984
242,0.0277552047933323,0.19955618054051796,0.7726886146661498
243,0.10876851238260735,0.37061906234862646,0.5206124252687663
244,0.33847222433758367,0.39353537411818296,0.26799240154423337
245,0.2364928870509969,0.4371677701234181,0.3263393428255849
246,0.39375545124157646,0.3611872966354153,0.24505725212300833
247,0.5106858352317754,0.37040657239780145,0.11890759237042325
248,0.0700767587980522,0.08352147879107732,0.8464017624108706
249,0.01264698782002007,0.4094420298562878,0.5779109823236921
250,0.5930513627515693,0.27934404138849644,0.12760459585993428
251,0.018213690509008913,0.18612928505058274,0.7956570244404083
252,0.46231456133459875,0.45509210052874477,0.0825933381366564
253,0.13666247321489436,0.4024044851076993,0.4609330416774064
254,0.06430724718622141,0.6072889434731001,0.32840380934067837
255,0.394089757199302,0.3734366192758797,0.23247362352481832
256,0.5692713788131191,0.3904634082170687,0.04026521296981228
257,0.05871454461414534,0.620820748049172,0.32046470733668275
258,0.3089289894959706,0.48300788762547786,0.2080631228785515
259,0.6778949278258996,0.2988304311025081,0.023274641071592286
260,0.8169921039973712,0.16189768781228184,0.021110208190346858
261,0.052701066806426576,0.21897225433563663,0.7283266788579368
262,0.012487236841897998,0.20162347282683352,0.7858892903312685
263,0.4478706431485421,0.48910800408170746,0.06302135276975045
264,0.13174532406360606,0.5412869838931841,0.3269676920432099
265,0.5357075957305715,0.4211961464631161,0.0430962578063124
266,0.44596036942267114,0.4713907875757143,0.08264884300161456
267,0.2292462597379185,0.13232866636834406,0.6384250738937374
268,0.0007893162051187811,0.011893887998093077,0.987316795796788
269,0.20465616090080402,0.6156745833667159,0.1796692557324802
270,0.06429317094069514,0.56194821148506,0.37375861757424483
271,0.7687977036400786,0.17105617950327506,0.06014611685664648
272,0.031394339137626806,0.11410163971283868,0.8545040211495344
273,0.06434981337888526,0.5806182801374054,0.3550319064837094
274,0.006372622994028822,0.06756032846839849,0.9260670485375726
275,0.1355849640498774,0.7769463591407563,0.08746867680936624
276,0.5589998074246252,0.37655606031665073,0.06444413225872399
277,0.6833653080179204,0.2569475064708938,0.05968718551118578
278,0.1464909374856016,0.5670660199303678,0.28644304258403064
279,0.07156065457749838,0.44550583298584756,0.48293351243665394
280,0.15623147283263913,0.5373342365909279,0.3064342905764329
281,0.11807132764779164,0.6518804217473962,0.23004825060481213
282,0.003975902148886205,0.009710043794750784,0.9863140540563629
283,0.07700442422360779,0.6634863952331911,0.259509180543201
284,0.2526452437850837,0.5667870334760401,0.18056772273887617
285,0.2321494796966046,0.49482714622726914,0.2730233740761262
286,0.0007671852504321984,0.018378555260296907,0.9808542594892709
287,0.005597403896317708,0.03785181640898716,0.9565507796946952
288,0.11144037773750944,0.5638601640780099,0.3246994581844806
289,0.03750167283688528,0.4905055296421167,0.47199279752099815
290,0.11737067630170225,0.2846135643124658,0.598015759385832
291,0.3930072212269324,0.5804138461920245,0.026578932581043192
292,0.06834198482512421,0.5206290073068861,0.41102900786798974
293,0.12942448446722912,0.40140815101936245,0.46916736451340857
294,0.11143649881615003,0.7101806585910005,0.17838284259284948
295,0.1381139422128304,0.49750429781686556,0.364381759970304
296,0.07594830649545962,0.44029301044212377,0.4837586830624166
297,0.04709292427202667,0.3249997740121364,0.627907301715837
298,0.010631006839122168,0.14533826785201295,0.8440307253088648
299,0.015095296478316877,0.1219447678735586,0.8629599356481246
300,0.14000049027042222,0.6508755461300333,0.2091239635995445
301,0.04927445637212337,0.1758070698383027,0.7749184737895739
302,0.017538603645616435,0.20418294731471245,0.7782784490396711
303,0.22264669086309796,0.4553885900362764,0.3219647191006255
304,0.014618593280030257,0.3232740490841035,0.6621073576358663
305,0.6558153388033358,0.30408657574188674,0.04009808545477746
306,0.038539153215016726,0.18856399232620843,0.7728968544587749
307,0.06787809003205093,0.6130740063417807,0.3190479036261684
308,0.0017282061383771814,0.02235452552983045,0.9759172683317925
309,0.535755039704962,0.39707360012116966,0.06717136017386835
310,0.5410448765850329,0.3663909369169595,0.09256418649800763
311,0.4821221986810773,0.43482194896147075,0.08305585235745198
312,0.5427504804529008,0.39138869527585096,0.06586082427124824
313,0.3883142329853606,0.384414258321995,0.2272715086926444
314,0.06894037084911062,0.17281244975695814,0.7582471793939312
315,0.1526469690789948,0.5791203480694326,0.2682326828515726
316,0.2276141194328288,0.34105885930204644,0.4313270212651247
317,0.33682475897896,0.5310143694843196,0.13216087153672054
318,0.004358636801477318,0.03402076381804792,0.9616205993804747
319,0.020424305110909736,0.13193221711533334,0.8476434777737569
320,0.5187587037849686,0.40714097767899665,0.07410031853603474
321,0.008751817765278525,0.02525602684777319,0.9659921553869483
322,0.7922553763711705,0.1735479820067424,0.0341966416220869
323,0.4228953228736813,0.40839006180536447,0.16871461532095422
324,0.042474114467937446,0.3608369797061679,0.5966889058258947
325,0.29765698169907057,0.5030838448341688,0.19925917346676056
326,0.20492410873526676,0.48686422897635107,0.30821166228838226
327,0.11768725362371361,0.3001596482329895,0.5821530981432969
328,0.17495509883861177,0.29853524770330875,0.5265096534580794
329,0.14428641990508267,0.6010756894402032,0.2546378906547141
330,0.045690260494131454,0.3509602968299263,0.6033494426759423
331,0.7170807348193494,0.21684058638867718,0.06607867879197335
332,0.34163146863660354,0.5631299911493255,0.09523854021407094
333,0.322318781986166,0.46455243888192543,0.2131287791319086
334,0.10787209395726091,0.633310484573079,0.2588174214696601
335,0.514369431714664,0.27688240357850735,0.2087481647068287
336,0.008178632044192759,0.09385191545033462,0.8979694525054727
337,0.22088404662182248,0.609214519562679,0.16990143381549852
338,0.2126282384555842,0.6410898168153266,0.14628194472908915
339,0.09083671519311323,0.3507407172516691,0.5584225675552177
340,0.1700852467582429,0.6516622482559151,0.17825250498584205
341,0.6223608061000676,0.32878468868838207,0.048854505211550235
342,0.6325983324968464,0.3320425919954123,0.03535907550774135
343,0.07742102054101647,0.6874464263585788,0.23513255310040465
344,0.08864515575041892,0.5305063891248264,0.3808484551247546
345,0.35185904552880276,0.5350801753636463,0.11306077910755097
346,0.06664322180048243,0.30913285235086074,0.6242239258486568
347,0.09970522591825008,0.37019320913840315,0.5301015649433467
348,0.01282163755462343,0.19657231213090914,0.7906060503144675
349,0.253153306379904,0.6242372681919461,0.12260942542814965
350,0.2321127288607606,0.5414773928318074,0.22640987830743198
351,0.041027923161624257,0.27721699874349004,0.6817550780948858
352,0.8138853567344346,0.13768630907872528,0.04842833418684019
353,0.24382952982744993,0.33519804576923956,0.4209724244033105
354,0.28559947566853594,0.683434943089186,0.030965581242278127
355,0.09494017043274025,0.3658001323372467,0.5392596972300131
356,0.049302319546998416,0.3677600043925526,0.582937676060449
357,0.3919860884536187,0.5066774181018949,0.10133649344448628
358,0.07583909347338283,0.5354427398914826,0.38871816663513464
359,0.07967714988741322,0.696256862263369,0.22406598784921794
360,0.35916733656361793,0.4551983304170772,0.1856343330193049
361,0.08940653165714571,0.3125695280468145,0.5980239402960399
362,0.294261601553096,0.35183875232070766,0.3538996461261964
363,0.16964696023592019,0.4454528210076851,0.3849002187563948
364,0.05705206432654858,0.4681829819916336,0.47476495368181776
365,0.22147811554508695,0.5418972560063289,0.23662462844858437
366,0.15794704909731674,0.17555927157631362,0.6664936793263697
367,0.5367031290034008,0.37971961876537375,0.08357725223122536
368,0.05876434351463781,0.18388357547896797,0.7573520810063943
369,0.0018776827786425952,0.05097728177218379,0.9471450354491736
370,0.15890750107252008,0.4415817668427158,0.3995107320847641
371,0.6939804742657888,0.2707498842699716,0.035269641464239644
372,0.13906742132000435,0.2799912929256804,0.5809412857543153
373,0.3447924536016552,0.34252806594621393,0.3126794804521308
374,0.024973579841021675,0.35638580346711596,0.6186406166918623
375,0.06872253200076607,0.295661204753527,0.635616263245707
376,0.05477694475566328,0.32865934826402954,0.6165637069803073
377,0.2791534032458311,0.5815586813527587,0.13928791540141003
378,0.03357361226162097,0.16632987355330933,0.8000965141850698
379,0.12109256753814765,0.46158923857686174,0.4173181938849907
380,0.31778166348142756,0.5827799140033283,0.09943842251524422
381,0.866552309465904,0.11299319847876124,0.020454492055334724
382,0.4689656441424798,0.4282011778572534,0.10283317800026674
383,0.09376978962336356,0.5302619494276068,0.37596826094902946
384,0.03567405828459454,0.25637400519570275,0.7079519365197028
385,0.30038357213163586,0.5206818414133495,0.17893458645501467
386,0.23198754500121668,0.4704810004309036,0.29753145456787966
387,0.21324197140987086,0.5884078184207739,0.19835021016935533
388,0.5466476409774033,0.4225174002172703,0.030834958805326485
389,0.5179980813301571,0.3807123976715702,0.10128952099827263
390,0.0332416467486162,0.18249901255465975,0.784259340696724
391,0.11965217405699269,0.4612343702898348,0.41911345565317254
392,0.16330150933573742,0.5939181399029104,0.24278035076135213
393,0.5242650952561336,0.3956940037606073,0.08004090098325904
394,0.9022438862231175,0.04553982224755039,0.05221629152933216
395,0.07493757555924323,0.44959426998120194,0.47546815445955487
396,0.35969960209738644,0.4677587331684016,0.17254166473421198
397,0.2244398822123333,0.6127088144263247,0.1628513033613419
398,0.792888830626968,0.1780601662755798,0.02905100309745216
399,0.15917337305864704,0.47308684374167775,0.3677397831996752
400,0.0289795817899882,0.1966633600262015,0.7743570581838102
401,0.38529707272037883,0.36903314494759243,0.24566978233202877
402,0.25498565409737245,0.3926135647068755,0.352400781195752
403,0.09696364447507776,0.34558533750078474,0.5574510180241375
404,0.5780939307481976,0.31379250374535145,0.10811356550645106
405,0.0046701496247129,0.06830757082398223,0.9270222795513048
406,0.7814599222335543,0.1364902847891036,0.08204979297734204
407,0.4764856156850789,0.3478832199469982,0.17563116436792275
408,0.01633125970121198,0.234025015950871,0.7496437243479169
409,0.22338921465667086,0.5722017663944793,0.20440901894884997
410,0.1655517437486996,0.6132720629376998,0.22117619331360072
411,0.0006036980957567415,0.012150289335951057,0.987246012568292
412,0.5666518220682935,0.34173859875828927,0.09160957917341725
413,0.24569026790358536,0.5548821268891814,0.19942760520723313
414,0.03146803175611485,0.09651621417134292,0.8720157540725422
415,0.008548330591668951,0.1444220933767695,0.8470295760315614
416,0.05149848736137973,0.4743267197693176,0.47417479286930275
417,0.37543998895521297,0.4123143590985241,0.21224565194626285
418,0.8377206751623831,0.13151485366529195,0.03076447117232503
419,0.6442312496169359,0.3246491707905294,0.03111957959253465
420,0.00044604076546051033,0.009200789335132506,0.9903531698994069
421,0.5672857115297429,0.3460853440915577,0.08662894437869927
422,0.3456627319483666,0.4408454883879374,0.21349177966369598
423,0.05517230833409985,0.10086117590877117,0.8439665157571289
424,0.231913756722898,0.5181797674243607,0.24990647585274145
425,0.44003241216685024,0.49483378668147837,0.06513380115167147
426,0.007073316087522058,0.24030790234690325,0.7526187815655745
427,0.12080240996026122,0.4098032440819894,0.4693943459577493
428,0.3328973939063196,0.4728993684135122,0.19420323768016828
429,0.3258575743820693,0.5089768333527802,0.16516559226515054
430,0.011031174339819129,0.1350067335909825,0.8539620920691983
431,0.18601506958673597,0.4926987590223404,0.3212861713909236
432,0.09474112256656032,0.5843304123001201,0.3209284651333196
433,0.08159784212768796,0.4221727410041698,0.49622941686814215
434,0.36967040450701666,0.45800433861730505,0.17232525687567823
435,0.5783444380586198,0.35207810343461443,0.06957745850676587
436,0.24800399605970647,0.6101266382809248,0.1418693656593687
437,0.38081639320014504,0.3778877153927318,0.24129589140712318
438,0.008617221812200166,0.17878590493696062,0.8125968732508394
439,0.020051422240827614,0.12336769006062095,0.8565808876985516
440,0.012067608772092734,0.08772801501441878,0.9002043762134886
441,0.4091874809873614,0.4468831514611441,0.1439293675514945
442,0.2925672368188605,0.6328704193671484,0.07456234381399116
443,0.19853748707273888,0.46165798753001674,0.3398045253972443
444,0.014666067362784668,0.08653163949938443,0.8988022931378307
445,0.005267667919422793,0.04509913572164229,0.9496331963589348
446,0.3354168633060988,0.3685518418070977,0.2960312948868035
447,0.2847144200621897,0.5304660182175709,0.1848195617202393
448,0.6045078915541747,0.3179800921084671,0.07751201633735816
449,0.013149397530761239,0.06536848593767047,0.9214821165315682
450,0.8986139374598269,0.07222377541142767,0.029162287128745402
451,0.03599801960866252,0.4045133180735527,0.5594886623177848
452,0.15572013095879836,0.5978954095896153,0.2463844594515864
453,0.4017332450842564,0.4692802967493354,0.12898645816640822
454,0.7588073569801657,0.21606048576358958,0.02513215725624468
455,0.035749041244188776,0.19907847941553564,0.7651724793402755
456,0.11484989412179085,0.34578264952588367,0.5393674563523255
457,0.43190577512220274,0.4350174264533068,0.13307679842449044
458,0.2752976885785118,0.5303099889420716,0.19439232247941668
459,0.17567424353811384,0.6824104470474112,0.1419153094144749
460,0.5051608376177386,0.42148147495343036,0.07335768742883096
461,0.20099496423997656,0.7107720445685854,0.08823299119143799
462,0.3064194155924381,0.3436291252475508,0.349951459160011
463,0.169712015309204,0.4204094360721603,0.40987854861863565
464,0.08918584261773767,0.39832598152889476,0.5124881758533676
465,0.47708378808838514,0.3616764424638361,0.1612397694477788
466,0.8426670927985578,0.12436987878248837,0.03296302841895381
467,0.12498874623061577,0.46394086016119535,0.41107039360818876
468,0.7002914992604343,0.23657039308212066,0.06313810765744501
469,0.13608730423021947,0.7716204504571298,0.0922922453126506
470,0.005565308724669041,0.2212315036546427,0.7732031876206883
471,0.018730086358830784,0.1759643577445975,0.8053055558965717
472,0.012342020229372992,0.17675255850931232,0.8109054212613147
473,0.7338998203098621,0.22515803946852175,0.040942140221616255
474,0.2436379731480105,0.3944799372267084,0.3618820896252812
475,0.2267649818494024,0.5595469983180422,0.21368801983255525
476,0.6323630238992302,0.3143471429498281,0.053289833150941754
477,0.0035319613527800484,0.17417866772427196,0.822289370922948
478,0.46171268921996467,0.4503418329772352,0.08794547780280025
479,0.15411099655726043,0.45696884751716543,0.3889201559255741
480,0.21245461524470183,0.5179732028241576,0.2695721819311406
481,0.035173621395196294,0.22415060724694022,0.7406757713578636
482,0.24724449336236115,0.6272863516731152,0.12546915496452354
483,0.048496271267440584,0.40906871395913136,0.542435014773428
484,0.4197762811437342,0.3765308482548774,0.20369287060138835
485,0.17298490123318405,0.3943082226263997,0.43270687614041636
486,0.13530001748399184,0.5824608196813066,0.2822391628347015
487,0.8814894209460613,0.08099107547960449,0.03751950357433424
488,0.03844894372155188,0.535250806597215,0.4263002496812331
489,0.145944393922998,0.44401983062717987,0.41003577544982217
490,0.0445062554887057,0.27766352680761347,0.6778302177036808
491,0.06953135142580502,0.6900591781362199,0.24040947043797517
492,0.07546386460728989,0.5517488210086082,0.3727873143841018
493,0.14017828455519968,0.5348352753251642,0.3249864401196362
494,0.5270964566499317,0.21152502094488607,0.2613785224051823
495,0.0038185528524757443,0.07363109863448813,0.9225503485130361
496,0.7992552872936284,0.18110751183422222,0.019637200872149284
497,0.40737409032176997,0.4871283325030463,0.10549757717518382
498,0.07926025648545651,0.19312289440522723,0.7276168491093162
499,0.06943712135294991,0.6889503540465444,0.2416125246005058
500,0.5900928779889455,0.38331776347599333,0.026589358535061086
501,0.008524737852071213,0.14895335126784623,0.8425219108800824
502,0.10284020732963092,0.38323561889721397,0.5139241737731551
503,0.3795168398151113,0.33772642508617207,0.2827567350987167
504,0.16763595583258498,0.5444469525974165,0.28791709156999856
505,0.379434069644318,0.4580139056677083,0.16255202468797386
506,0.04328092176120699,0.10610793218964894,0.8506111460491441
507,0.29012127037678676,0.4291831132154284,0.28069561640778484
508,0.24320570169271355,0.39328181188749356,0.3635124864197929
509,0.4565063862792467,0.4950565200318766,0.048437093688876706
510,0.0573209236900817,0.3579107548576943,0.5847683214522241
511,0.11366464021993786,0.43401003626127566,0.4523253235187865
512,0.3011987271011872,0.1456550757495925,0.5531461971492203
513,0.08099273105310852,0.5740619720772397,0.34494529686965186
514,0.004197258938176835,0.05564971090467147,0.9401530301571517
515,0.01957724788646461,0.06890303601183971,0.9115197161016958
516,0.03774833701979339,0.22938504317447075,0.7328666198057359
517,0.2374363075422083,0.4729407292778263,0.2896229631799655
518,0.27420641320624356,0.5555057960779475,0.17028779071580907
519,0.35606856230535305,0.46942811375233423,0.17450332394231258
520,0.12139032206216341,0.6021923476341791,0.27641733030365756
521,0.5582865757361787,0.39515292306961053,0.04656050119421075
522,0.005384863363885238,0.032913702614416264,0.9617014340216985
523,0.06593217337246061,0.7280926497973925,0.20597517683014677
524,0.15803750982325274,0.5478877962245757,0.2940746939521716
525,0.247598184994236,0.4460548300247277,0.3063469849810363
526,0.33675279139220954,0.4709170999525609,0.19233010865522965
527,0.07963606130486992,0.6419697218926617,0.2783942168024684
528,0.7079879598383136,0.2471157400528461,0.044896300108840284
529,0.26078935942283143,0.5070519710140189,0.23215866956314968
530,0.1802250554108458,0.22378717932435746,0.5959877652647967
531,0.17684813224250048,0.6494851580785267,0.17366670967897282
532,0.19329804462561245,0.24588928306552277,0.5608126723088647
533,0.09117544933024656,0.5738799129344613,0.3349446377352922
534,0.05377440188670142,0.4476271095764023,0.4985984885368964
535,0.1322107554336031,0.5983650536462043,0.26942419092019265
536,0.3265209165692203,0.5343591809686606,0.13911990246211903
537,0.1901301974554543,0.5641801216857949,0.24568968085875093
538,0.47467907495771444,0.3519405174524428,0.1733804075898427
539,0.14978364098662922,0.49804501083053754,0.3521713481828331
540,0.181045684298259,0.501205363034656,0.317748952667085
541,0.06624423934721643,0.3274196208219005,0.6063361398308832
542,0.08569243795281317,0.7636085163919353,0.15069904565525175
543,0.3416047428760588,0.5780301419747245,0.08036511514921676
544,0.0523823525168536,0.6047893199470232,0.34282832753612313
545,0.07987160693730214,0.44751735873790793,0.4726110343247899
546,0.6684272386207739,0.2783507336202722,0.053222027758953946
547,0.9208115420374685,0.048474709267642566,0.0307137486948888
548,0.568098625751631,0.2506837000647274,0.18121767418364168
549,0.18982018022692784,0.6849854113710754,0.12519440840199683
550,0.43277758404120786,0.494034771578308,0.07318764438048417
551,0.1569445151353851,0.6360429216278289,0.20701256323678602
552,0.4951829969898277,0.43548665332063335,0.06933034968953893
553,0.2032336238910951,0.6521414817954115,0.1446248943134934
554,0.060559130232033576,0.3143517580251757,0.6250891117427908
555,0.49083426297531885,0.4449613821450707,0.0642043548796105
556,0.31490719562190234,0.4617415599544346,0.223351244423663
557,0.1328897949867212,0.37117518584395615,0.49593501916932264
558,0.0017365343405588995,0.030756798340983844,0.9675066673184572
559,0.21646034492014307,0.6748868731979191,0.10865278188193787
560,0.10060957284278867,0.4532326340127207,0.4461577931444907
561,0.14417982551737757,0.23842016758161994,0.6174000069010026
562,0.0022803873008081475,0.013411480174436507,0.9843081325247554
563,0.16322614966892743,0.5487064700876945,0.2880673802433781
564,0.9423413734251962,0.032303212134962164,0.02535541443984164
565,0.32521956158886406,0.4566416246479399,0.21813881376319616
566,0.09624419038079576,0.7898692969081355,0.11388651271106864
567,0.1695728805773779,0.573328921781953,0.25709819764066905
568,0.10804148093242309,0.4921544665811388,0.399804052486438
569,0.007354254937990511,0.07057100912042558,0.9220747359415837
570,0.001462540816821707,0.045861094617111096,0.9526763645660672
571,0.04368045012864621,0.8289476633493569,0.12737188652199669
572,0.339449759921454,0.6282669655723077,0.032283274506238344
573,0.06224752945503922,0.40652240312001375,0.531230067424947
574,0.1783200553471129,0.7196823971440215,0.10199754750886565
575,0.06020537440322745,0.5081410252552003,0.4316536003415723
576,0.11075332568535272,0.4748458343826482,0.414400839931999
577,0.29094335327580667,0.40644958030741885,0.3026070664167745
578,0.03087737088676375,0.26434890663170324,0.7047737224815329
579,0.012336048031931883,0.21317965696416796,0.7744842950039003
580,0.003944481862202833,0.11540185607917648,0.8806536620586206
581,0.00670549115984162,0.09209303251329154,0.9012014763268669
582,0.6360462696156316,0.3068465632114269,0.057107167172941564
583,0.28621871753661887,0.6328853845976716,0.08089589786570943
584,0.05786365303221184,0.2915663926462197,0.6505699543215683
585,0.5174089514573306,0.3923209885428855,0.09027005999978391
586,0.6782949841327761,0.28736283333025125,0.034342182536972715
587,0.0013095478087374536,0.03436024286860379,0.9643302093226586
588,0.46720863162507476,0.44773702773201923,0.08505434064290601
589,0.0035963571710888936,0.023762982107412574,0.9726406607214987
590,0.2324464727394643,0.41050074256661473,0.357052784693921
591,0.4420408623075187,0.4376211901394587,0.12033794755302259
592,0.5311008421318552,0.39110452694310294,0.07779463092504184
593,0.012773193898234425,0.09681725804932426,0.8904095480524413
594,0.6281229200753071,0.33158403978003653,0.040293040144656345
595,0.5351327412067548,0.33574531965422094,0.1291219391390242
596,0.30083234131479236,0.3922003135687686,0.306967345116439
597,0.4886000041154531,0.3299458871415186,0.18145410874302823
598,0.15906523614574236,0.4570002807200642,0.3839344831341934
599,0.48777731411125735,0.4046904729207543,0.10753221296798846
600,0.025092224420243985,0.15853648205075468,0.8163712935290013
601,0.3099256778078895,0.5624514167716507,0.1276229054204599
602,0.00038331136731027123,0.005105397955103244,0.9945112906775867
603,0.06796404622298637,0.3237462099985346,0.608289743778479
604,0.1838284270771612,0.46847445859161196,0.34769711433122674
605,0.0008242706678483795,0.01040693773631558,0.988768791595836
606,0.44958675054425506,0.47206931668269486,0.07834393277305007
607,0.028071952390866572,0.4060783276231403,0.5658497199859932
608,0.13443532093457702,0.32363683643649166,0.5419278426289311
609,0.06508094668899207,0.13379858817884588,0.801120465132162
610,0.394089757199302,0.3734366192758797,0.23247362352481832
611,0.2705707131486613,0.6968604336484356,0.032568853202903
612,0.0047911766026329655,0.13359359518755975,0.8616152282098073
613,0.061241591821919225,0.37347030905475564,0.5652880991233251
614,0.09793866426509829,0.4108777205674022,0.4911836151674994
615,0.08492611494573894,0.31841758866347136,0.5966562963907897
616,0.10393094387466881,0.6729644285052943,0.22310462762003688
617,0.01464215080938824,0.21347357766416475,0.771884271526447
618,0.35039297222663923,0.4936513014538929,0.15595572631946775
619,0.03421883750714496,0.2742426987221853,0.6915384637706696
620,0.22713095742370962,0.6586838023446869,0.11418524023160334
621,0.19028250797892532,0.6500272906734459,0.15969020134762885
622,0.011367561352382307,0.29447108735101624,0.6941613512966015
623,0.6443840739524516,0.3297455101803868,0.02587041586716174
624,0.00939945519802409,0.19014792438555256,0.8004526204164234
625,0.06022037304853828,0.8261665132442093,0.11361311370725236
626,0.44614879840757354,0.3917474764091078,0.16210372518331861
627,0.24729568280930497,0.507980217730778,0.244724099459917
628,0.9084765952081822,0.07940400029476023,0.012119404497057572
629,0.4258003780291254,0.405535142951987,0.16866447901888754
630,0.1493115477453489,0.5179487207259135,0.3327397315287376
631,0.43155297027536027,0.372290816597164,0.19615621312747575
632,0.4493116661771678,0.39310968445676375,0.15757864936606847
633,0.34410072929804647,0.515730127566302,0.1401691431356515
634,0.4617051763299713,0.4328113168865664,0.1054835067834623
635,0.30606108286828826,0.5784045014409227,0.11553441569078907
636,0.2566484426910098,0.5030661695921317,0.24028538771685848
637,0.12225696758673099,0.5911905674779973,0.2865524649352717
638,0.24496071905396274,0.6074280154822581,0.1476112654637791
639,0.005587038802285571,0.042999177465335624,0.9514137837323787
