ID,high,medium,low
1,0.5678859554133098,0.35749846779138145,0.07461557679530884
2,0.21203071685405217,0.6223899508151117,0.16557933233083602
3,0.04090272138663673,0.1875080804718382,0.771589198141525
4,0.5959068240637498,0.3466885616147571,0.0574046143214929
5,0.009560624984030567,0.1648368756640382,0.8256024993519312
6,0.009816808430287169,0.07458177730217809,0.9156014142675346
7,0.0775330410999354,0.4308424421581644,0.49162451674189994
8,0.23767774166722289,0.571915998326532,0.19040626000624514
9,0.24272466040035756,0.3685158357049301,0.3887595038947124
10,0.26058165468063793,0.31087831652770853,0.4285400287916534
11,0.28879110545647774,0.565160088538653,0.14604880600486927
12,0.23838424457187998,0.5577174798174245,0.2038982756106955
13,0.0127264261846889,0.14611688676701287,0.8411566870482982
14,0.11918700284487586,0.38417908962328146,0.49663390753184283
15,0.11802617526112362,0.41689465955649857,0.4650791651823778
16,0.0593455743717908,0.510861672573207,0.4297927530550021
17,0.06280704999529994,0.17934189232900502,0.7578510576756948
18,0.07228169397969714,0.29081606436651936,0.6369022416537834
19,0.6453105248511959,0.3257320777434427,0.0289573974053613
20,0.19610166507125437,0.6605172418999361,0.1433810930288095
21,0.09855341949739797,0.548407187459269,0.35303939304333304
22,0.017054779213234065,0.08996103051814423,0.8929841902686216
23,0.23412014526490244,0.3836463839488733,0.38223347078622427
24,0.14974706712660493,0.4968711535420521,0.35338177933134296
25,0.18201467178004396,0.5562268780018037,0.2617584502181523
26,0.02268959646062853,0.18206068099406647,0.795249722545305
27,0.24078372774930693,0.37169589372637163,0.38752037852432125
28,0.494391793600687,0.436581601178131,0.06902660522118191
29,0.10007581659071013,0.27352482698895075,0.6263993564203391
30,0.2888349510600199,0.5687100130155783,0.1424550359244017
31,0.2881390196127311,0.3944335531811352,0.31742742720613365
32,0.45458318349585297,0.46102336963202567,0.08439344687212114
33,0.034166186391590664,0.15303556113506853,0.8127982524733408
34,0.020412913823718366,0.20149673003663784,0.7780903561396437
35,0.1258894106143066,0.3938883854304969,0.48022220395519627
36,0.006490655063968766,0.06843130452292061,0.9250780404131106
37,0.13990244952675046,0.670730577036115,0.18936697343713438
38,0.08921351109002007,0.3514761970605167,0.5593102918494632
39,0.3338481497687229,0.5425545481931124,0.12359730203816467
40,0.6017509529758592,0.3254930491915209,0.07275599783261981
41,0.16448502775386284,0.46403013697522466,0.3714848352709124
42,0.38573799833012085,0.5019942537110971,0.11226774795878197
43,0.0274192804951203,0.21121005650185262,0.761370663003027
44,0.04160510066427567,0.5585191231816905,0.39987577615403375
45,0.035989009116192065,0.4208760966341465,0.5431348942496613
46,0.7188209833581466,0.25224840810895993,0.028930608532893337
47,0.21406149621144596,0.3890986040915559,0.396839899696998
48,0.06888126345866961,0.4968907406301953,0.434227995911135
49,0.22143297184100372,0.43728191585631143,0.3412851123026848
50,0.5420531380085262,0.38237752564369604,0.0755693363477777
51,0.3526698418584769,0.4831019833456272,0.16422817479589583
52,0.6792069923073191,0.3049795560083815,0.015813451684299467
53,0.379304441003202,0.4529269453537949,0.16776861364300322
54,0.6731028690940367,0.24437109955458916,0.08252603135137414
55,0.0278809332376256,0.16878269572949564,0.8033363710328789
56,0.09715191158055159,0.6745728407790373,0.22827524764041116
57,0.2508525451364904,0.24812552900898158,0.501021925854528
58,0.006293584487720799,0.0569019517500296,0.9368044637622496
59,0.2173488406631423,0.7169171642874036,0.06573399504945406
60,0.044057871824555596,0.39197739178598456,0.5639647363894599
61,0.0862513131236788,0.33251992370901556,0.5812287631673055
62,0.18358511561803473,0.5498079234132961,0.26660696096866915
63,0.23293353832185207,0.598081429591855,0.16898503208629276
64,0.23736875341652328,0.41385175210957953,0.34877949447389717
65,0.3773834002991574,0.3931382621636293,0.22947833753721317
66,0.6097351208334955,0.30697280117098563,0.0832920779955188
67,0.09027486147722304,0.22170699915573144,0.6880181393670455
68,0.42836604225069624,0.41472745100639746,0.15690650674290627
69,0.329619106317857,0.5353041250043665,0.13507676867777643
70,0.012095031750673765,0.23650830067447734,0.7513966675748486
71,0.11993681625408455,0.49002079616604893,0.3900423875798664
72,0.34271373357009977,0.6017681015521826,0.05551816487771757
73,0.2030156774997268,0.6331228655393027,0.16386145696097043
74,0.10476930947173187,0.36085352871226756,0.5343771618160004
75,0.09217164506635227,0.7335889021069116,0.17423945282673595
76,0.703680242663943,0.21663860080944955,0.07968115652660723
77,0.024760388345777606,0.35746571445736164,0.6177738971968607
78,0.1150642200034037,0.5080752573257445,0.3768605226708517
79,0.13740542417722143,0.571425916389351,0.29116865943342746
80,0.2674988456195327,0.6165857719636012,0.11591538241686598
81,0.004854096361901267,0.022414164578751398,0.9727317390593472
82,0.21100233594565185,0.6186887579421742,0.17030890611217395
83,0.019551310761280864,0.13188517526191426,0.848563513976805
84,0.05729011293018813,0.5496183862304215,0.39309150083939026
85,0.16232306490107343,0.44093582492686084,0.3967411101720657
86,0.32260506800707206,0.3465461056892574,0.33084882630367046
87,0.030742595013675034,0.28685814804816556,0.6823992569381594
88,0.1628544894414489,0.5382365235438086,0.2989089870147425
89,0.10652882494261133,0.45829779855838276,0.4351733764990058
90,0.4109705371873276,0.350927321539848,0.23810214127282428
91,0.005731470046530133,0.038582465018731,0.9556860649347388
92,0.16096266974260087,0.5705522861319753,0.26848504412542373
93,0.6571727475423196,0.19198476047892535,0.15084249197875493
94,0.15855578782845672,0.38007086899610565,0.4613733431754375
95,0.5621277415706625,0.3672103892959296,0.07066186913340784
96,0.11378648483111159,0.6329138123699181,0.25329970279897024
97,0.6652077048843098,0.24120827446412807,0.09358402065156203
98,0.055051203397674664,0.33607576490497193,0.6088730316973533
99,0.3003837139713456,0.3794567840587484,0.3201595019699059
100,0.40004911045439745,0.4567495873451219,0.14320130220048077
101,0.054678557894959366,0.3032630323845877,0.642058409720453
102,0.18893684552760548,0.5945671668641295,0.2164959876082649
103,0.3008112353576697,0.557144765725997,0.14204399891633326
104,0.3868900668034488,0.4635361892264686,0.14957374397008247
105,0.4812811170524751,0.4341522015524939,0.08456668139503089
106,0.435574360508602,0.4362935078833216,0.12813213160807627
107,0.3887560251422209,0.37367084976986226,0.23757312508791673
108,0.2505620293966711,0.5605003080855666,0.18893766251776226
109,0.0997813182194145,0.5516749365253126,0.3485437452552729
110,0.3688175703240549,0.4973373393819216,0.1338450902940234
111,0.0076173860586582,0.14007526857616454,0.8523073453651772
112,0.0245297613399247,0.3527774737612366,0.6226927648988386
113,0.0371703394346729,0.36494658546163916,0.597883075103688
114,0.4422575761605756,0.4030871361003007,0.15465528773912354
115,0.5381330221823829,0.4012755097340078,0.06059146808360927
116,0.3262669189381405,0.4890335060655832,0.1846995749962761
117,0.04214370496973974,0.21792170932391738,0.7399345857063427
118,0.268509945300466,0.4148740553274209,0.3166159993721131
119,0.3587622514264574,0.43200815529256326,0.20922959328097923
120,0.4064281129220703,0.48133395434791154,0.11223793273001803
121,0.1739161522286048,0.5868776825153379,0.23920616525605723
122,0.004824057365763734,0.02769436883765743,0.9674815737965786
123,0.05674721313152547,0.22231560450706023,0.7209371823614145
124,0.10752168475665913,0.5580112253640968,0.3344670898792441
125,0.021154155818278064,0.3885007784776993,0.5903450657040225
126,0.14655740746515347,0.6880779607784427,0.16536463175640373
127,0.2544207705893222,0.5965638154073424,0.14901541400333548
128,0.4647876982461328,0.4056898223380397,0.12952247941582742
129,0.10627006413644376,0.3644736376353663,0.5292562982281899
130,0.010840006552825401,0.08686291248990147,0.9022970809572731
131,0.47193249697756445,0.3938944343363809,0.13417306868605455
132,0.18801039463568628,0.655163816595478,0.15682578876883563
133,0.537224438948321,0.3782946799883213,0.08448088106335765
134,0.26112215083683615,0.46041565749642244,0.2784621916667414
135,0.1522810355470334,0.26269323277345974,0.5850257316795068
136,0.14390442991265293,0.40779329063524744,0.4483022794520995
137,0.22829619986210561,0.47187397826445315,0.29982982187344115
138,0.31867696510516375,0.4217111978592669,0.2596118370355692
139,0.12103139170909583,0.28576798948277915,0.5932006188081249
140,0.2998599613316282,0.4763919465717668,0.22374809209660493
141,0.0023499729741945667,0.015932191373428,0.9817178356523774
142,0.062432578127586104,0.8695656891088035,0.06800173276361036
143,0.3641250706933215,0.4928549902787614,0.14301993902791696
144,0.11644725034198229,0.10248681376699893,0.7810659358910188
145,0.3058441176865061,0.3042309681709726,0.38992491414252123
146,0.1640441572739385,0.44018563881497014,0.39577020391109113
147,0.09517110390696186,0.19981506565052495,0.7050138304425132
148,0.03411512262361937,0.17681428620095838,0.7890705911754221
149,0.06401550233114683,0.3786113977054288,0.5573730999634242
150,0.0034949287768508003,0.04019642135654724,0.9563086498666018
151,0.11700056405126168,0.15642152454398128,0.7265779114047571
152,0.21860877258582675,0.6024534458283133,0.1789377815858599
153,0.2311018667717267,0.5579690402061442,0.21092909302212895
154,0.3474196832640928,0.24520036449583596,0.40737995224007123
155,0.03579723109331657,0.2054211348054121,0.7587816341012713
156,0.3483589336295305,0.5152442390727486,0.13639682729772087
157,0.06348406255402873,0.33229950985670026,0.6042164275892709
158,0.06019059614572747,0.5321927683380169,0.4076166355162556
159,0.33389936814490967,0.3595022357199798,0.3065983961351104
160,0.4613833799216758,0.45091850173184017,0.08769811834648393
161,0.4574544422723194,0.42673047234627876,0.11581508538140177
162,0.30219139368020626,0.5432740609211869,0.15453454539860684
163,0.03672084851632917,0.30204825599011564,0.6612308954935552
164,0.4264989234851444,0.43655206189060186,0.13694901462425363
165,0.6329231700850375,0.32558626033996596,0.04149056957499637
166,0.2661521260688785,0.4868166377518672,0.24703123617925418
167,0.04347909500135703,0.6136231631162629,0.3428977418823802
168,0.07334718483502557,0.5209749480739674,0.40567786709100684
169,0.4653032641313292,0.4493342043068543,0.08536253156181633
170,0.24789912609368414,0.6535465069730011,0.09855436693331458
171,0.015274215736203335,0.17115183525595293,0.8135739490078436
172,0.4657654473937713,0.436916981043521,0.09731757156270764
173,0.005269192412071133,0.03968156525586113,0.9550492423320677
174,0.17193745398702576,0.4732590810478888,0.35480346496508536
175,0.0754124517961315,0.5485082582650801,0.37607928993878836
176,0.0155755354880509,0.11692301191602154,0.8675014525959276
177,0.2061827153894399,0.46479519458809954,0.32902209002246047
178,0.08011143613523188,0.27672078670671213,0.6431677771580558
179,0.0316945702025686,0.312326954624257,0.6559784751731744
180,0.05876255589761029,0.25655180266116734,0.6846856414412223
181,0.07980026184043414,0.7815542406357578,0.13864549752380786
182,0.09503238902387269,0.18207828986719923,0.7228893211089279
183,0.1764728636712428,0.5613899836927766,0.26213715263598064
184,0.16245977422682237,0.49700516483925933,0.3405350609339182
185,0.004393147360407467,0.0414881072649216,0.9541187453746708
186,0.0991459734958239,0.52555581411078,0.37529821239339595
187,0.013156218220585802,0.1795287344294765,0.8073150473499376
188,0.21481758805046283,0.48049339225114146,0.3046890196983955
189,0.0638890197136656,0.4892366669730581,0.4468743133132762
190,0.032902046126631404,0.4679072039705951,0.49919074990277346
191,0.07841557412516056,0.5100774970693017,0.41150692880553774
192,0.015029711272475198,0.24919179350470255,0.7357784952228221
193,0.45458318349585297,0.46102336963202567,0.08439344687212114
194,0.715592658653008,0.23909014374854953,0.0453171975984424
195,0.0030703125773072996,0.03325256343848377,0.9636771239842088
196,0.14217312581959352,0.7444409192621265,0.1133859549182798
197,0.04844897226541983,0.4369342789007146,0.5146167488338654
198,0.5221798261241962,0.42337745616424377,0.054442717711559806
199,0.05004563652896737,0.6814145260961891,0.26853983737484355
200,0.043962892712281564,0.34523058541147605,0.6108065218762423
201,0.21696162816659226,0.4216965446507535,0.3613418271826541
202,0.020478758371392066,0.20820656644669344,0.7713146751819143
203,0.013907963397017267,0.22152507688742432,0.7645669597155583
204,0.17392048098524768,0.17408054765528044,0.6519989713594718
205,0.019758667022737667,0.20500416242987285,0.7752371705473894
206,0.010243196216103133,0.22027314987908844,0.7694836539048083
207,0.0135794627043572,0.13977820676639516,0.8466423305292475
208,0.12976516584526435,0.572964967031988,0.29726986712274767
209,0.5759081882058895,0.340404805762692,0.08368700603141847
210,0.2883201592129407,0.6190739520875225,0.0926058886995366
211,0.33258751643678575,0.45731239163332266,0.21010009192989154
212,0.033888556108986535,0.11350518935249032,0.852606254538523
213,0.7188209833581466,0.25224840810895993,0.028930608532893337
214,0.0769066818512157,0.2601099377561534,0.6629833803926307
215,0.0182274321772273,0.1297176820277966,0.8520548857949759
216,0.31944591039171083,0.5219673756822782,0.15858671392601098
217,0.07356912053104638,0.3060305886431038,0.6204002908258498
218,0.04236912198513263,0.7792815378712253,0.1783493401436419
219,0.32913998896973,0.22546158105130173,0.44539842997896817
220,0.10552988316951983,0.435264929650971,0.4592051871795091
221,0.39305165908192424,0.5014455219440183,0.10550281897405737
222,0.013706476318752,0.33691781171157925,0.6493757119696688
223,0.11337654662679482,0.29567963454582574,0.5909438188273793
224,0.021146596077034632,0.0910408671532897,0.8878125367696755
225,0.2846478418937944,0.5589695774695251,0.1563825806366805
226,0.0548691643237913,0.2793096278308607,0.6658212078453478
227,0.4211758580350764,0.506180965400311,0.07264317656461262
228,0.2042119870046838,0.5979870974588554,0.1978009155364607
229,0.1192497537301563,0.5609965885395879,0.31975365773025577
230,0.13226645641302953,0.30631427742266,0.5614192661643104
231,0.014516266161214533,0.3735020565660605,0.6119816772727248
232,0.718415235120812,0.22593786879008806,0.05564689608909987
233,0.044114811776115294,0.1940611817231637,0.7618240065007208
234,0.08685689370769889,0.6696553637180713,0.24348774257422964
235,0.15250799616699373,0.682244393213824,0.1652476106191821
236,0.5876222928120459,0.36395660392519974,0.0484211032627542
237,0.4904851815754248,0.43636388267236886,0.07315093575220627
238,0.24645763437581847,0.5333833236858144,0.2201590419383669
239,0.007495520134043067,0.07704515849083153,0.9154593213751253
240,0.33177366838778627,0.5302023013170646,0.13802403029514895
241,0.5717926460303744,0.3433708551709751,0.08483649879865036
242,0.03580175799197437,0.17263622953530447,0.791562012472721
243,0.10255105858067359,0.3731606826868558,0.5242882587324704
244,0.4133943791899018,0.32688635170681235,0.25971926910328585
245,0.2428920483272412,0.4126267734544129,0.3444811782183459
246,0.375314952734809,0.3535515993142822,0.27113344795090877
247,0.48341661724479107,0.38632425393930175,0.1302591288159071
248,0.19782070842362884,0.16400138962904517,0.6381779019473259
249,0.015018452871311134,0.2662644490619051,0.7187170980667835
250,0.39779329296278604,0.42391654810819474,0.1782901589290193
251,0.031115336091817603,0.2032462066243077,0.7656384572838745
252,0.5025293013408506,0.4279980614176037,0.06947263724154563
253,0.13396325804229056,0.3938919340685436,0.4721448078891657
254,0.0540774121154494,0.5017249449107549,0.44419764297379555
255,0.4069147587515773,0.4281737230654183,0.1649115181830044
256,0.5753268962935384,0.36593415008939306,0.05873895361706854
257,0.07561090996971687,0.6008877010713606,0.32350138895892244
258,0.31229891421742556,0.4623584193491113,0.225342666433463
259,0.6798034685780164,0.2958573250100105,0.02433920641197303
260,0.7349197819908947,0.23498476158672169,0.030095456422383565
261,0.07013613531735087,0.2875891536969278,0.6422747109857213
262,0.028377873191995962,0.3212282533616187,0.6503938734463853
263,0.48613096816408324,0.41559959139119274,0.09826944044472401
264,0.14667193761008956,0.4660812184695419,0.38724684392036846
265,0.5157416363392534,0.4367247473757778,0.04753361628496874
266,0.512490787148852,0.39352313022472524,0.09398608262642276
267,0.32373691108460434,0.2115634104314328,0.4646996784839627
268,0.0033045014605132665,0.0213292906948702,0.9753662078446165
269,0.3594174026149028,0.4688707818608712,0.17171181552422596
270,0.07640119757305704,0.6738480685057683,0.24975073392117464
271,0.727431642463086,0.1732174894374905,0.09935086809942335
272,0.022267241234223665,0.12607912074447788,0.8516536380212983
273,0.1065717385540625,0.5292653045894562,0.3641629568564812
274,0.006739904958772268,0.07887390758712923,0.9143861874540984
275,0.14493972061639643,0.7671961157106288,0.08786416367297471
276,0.6114214138808963,0.31454136563595547,0.07403722048314813
277,0.5619149444287584,0.3621565159169606,0.07592853965428076
278,0.186365394464004,0.5574832742842951,0.2561513312517008
279,0.07624245609644338,0.4675177977080403,0.45623974619551616
280,0.12357129569776315,0.5681302192036092,0.3082984850986276
281,0.13042820567805982,0.5946091265742396,0.27496266774770045
282,0.0083950516230773,0.022539711749526233,0.9690652366273964
283,0.07058683094469297,0.6115081257419615,0.3179050433133455
284,0.23435123450190384,0.5472142522261564,0.21843451327193983
285,0.19263995688070903,0.46738105042877787,0.3399789926905132
286,0.0018400418343464,0.023239558917066635,0.974920399248587
287,0.006736229131657733,0.039204996675887636,0.9540587741924546
288,0.1967354286137356,0.5945033282427529,0.20876124314351144
289,0.052591087438724975,0.4703970400465925,0.4770118725146825
290,0.08383975736868132,0.3136411966382448,0.6025190459930737
291,0.5021790445112065,0.45834669617894264,0.039474259309850705
292,0.07513942910616887,0.5407718446928863,0.38408872620094464
293,0.13721409694975756,0.44460681284696374,0.41817909020327865
294,0.09826753227709617,0.6631988806326454,0.2385335870902583
295,0.15643198174529374,0.5099323240559295,0.3336356941987768
296,0.1528947985929396,0.43034754770134215,0.4167576537057182
297,0.07471372259913757,0.4244469985128208,0.5008392788880415
298,0.015218261369303166,0.1513014378632647,0.8334803007674321
299,0.01670474628973467,0.11206669985060562,0.8712285538596598
300,0.1973780705443686,0.6206535803358832,0.1819683491197481
301,0.0565564741532578,0.1633265737877887,0.7801169520589535
302,0.03809556468974057,0.24981879195303716,0.7120856433572222
303,0.21590277009112765,0.44534282900986044,0.3387544008990118
304,0.017795643046149303,0.2978032486472179,0.6844011083066327
305,0.6324906357132879,0.3153870645618421,0.05212229972487
306,0.08233536308159406,0.2610360959876548,0.6566285409307512
307,0.08357444994328887,0.6090786583161352,0.307346891740576
308,0.004352914947998367,0.026932430073047266,0.9687146549789544
309,0.4931664266773281,0.4288748907412878,0.07795868258138393
310,0.5492014961535012,0.3420555795614983,0.10874292428500047
311,0.44348289931937873,0.4812236275226125,0.0752934731580086
312,0.4781926060111174,0.4402521425899331,0.0815552513989494
313,0.504797587821141,0.318896444073879,0.1763059681049798
314,0.05375434343385633,0.2815504658456878,0.6646951907204558
315,0.13690881692480733,0.5170089955221749,0.3460821875530176
316,0.29863219182727097,0.4354759678433286,0.2658918403294004
317,0.37209048550387885,0.4896424457697485,0.1382670687263725
318,0.006449260355454434,0.04998281367805327,0.9435679259664922
319,0.04355921065866986,0.1212799536122624,0.8351608357290675
320,0.4913863826708392,0.43106378950803004,0.07754982782113079
321,0.03251272959341367,0.060810178109227696,0.9066770922973587
322,0.7161217997978776,0.2277563801024173,0.05612182009970504
323,0.4753962644079414,0.3686992318735968,0.1559045037184618
324,0.033702904726153164,0.3721776570945076,0.5941194381793392
325,0.2735457220853365,0.5152192452834358,0.2112350326312277
326,0.2442664580323878,0.4753858470745203,0.2803476948930918
327,0.11899743637885547,0.2821055554359147,0.5988970081852298
328,0.24460488639569103,0.28548784095364693,0.46990727265066196
329,0.24803840516910713,0.4987431699132651,0.25321842491762764
330,0.035963653338118025,0.40427443530547813,0.5597619113564037
331,0.7066690211711624,0.21539470318364784,0.07793627564518978
332,0.4153512470596163,0.46460819970059797,0.12004055323978564
333,0.37076560215485915,0.5216154703491512,0.1076189274959896
334,0.13404786794643245,0.6587412990616152,0.20721083299195217
335,0.46628641619919237,0.2862964168540542,0.2474171669467534
336,0.010737824584702502,0.08651936620368554,0.902742809211612
337,0.28064622647508913,0.5673822680225947,0.1519715055023159
338,0.2633879435470043,0.5925442168149085,0.1440678396380872
339,0.08797900999138523,0.31412704948530545,0.5978939405233092
340,0.23973252782692064,0.5357399336761594,0.22452753849691987
341,0.6717267123388543,0.29506822187611065,0.03320506578503494
342,0.6356153987566101,0.3304280805879141,0.0339565206554757
343,0.08576709735532011,0.7659758462913819,0.14825705635329797
344,0.08100557991044771,0.565474755619543,0.3535196644700093
345,0.3448057809319102,0.5002283529145011,0.15496586615358854
346,0.05362331457711444,0.3335677154928707,0.6128089699300147
347,0.07604971523429443,0.32253306532609277,0.6014172194396127
348,0.025371236059531333,0.23047934757261299,0.7441494163678556
349,0.32449092615480163,0.5414775382180091,0.13403153562718934
350,0.13928892981288296,0.5778744750868668,0.28283659510025005
351,0.06202468867624326,0.28172154549623757,0.6562537658275192
352,0.7944668880255622,0.13371431567029954,0.07181879630413816
353,0.19338105595663482,0.3853797831520627,0.42123916089130237
354,0.4032774781686183,0.5125569419234877,0.08416557990789403
355,0.09123719184340195,0.4073214835515759,0.5014413246050222
356,0.06162146825645284,0.3296179497331584,0.6087605820103886
357,0.37701442838433424,0.454792084457676,0.16819348715798985
358,0.11035820652813055,0.6080075017486105,0.28163429172325866
359,0.10329239172113493,0.7261420442281296,0.1705655640507354
360,0.3973662013163257,0.4005684519992976,0.20206534668437667
361,0.09610895890466736,0.2676359873815528,0.6362550537137798
362,0.29415690587393567,0.3041207637905193,0.40172233033554505
363,0.2819212798854727,0.44196086873628077,0.27611785137824635
364,0.07798550610001727,0.3655525306851069,0.5564619632148756
365,0.2336005497492605,0.506850524841334,0.25954892540940544
366,0.12225293856157775,0.3468010785949777,0.5309459828434444
367,0.4804665955587382,0.4314627893805176,0.08807061506074414
368,0.051521235763309636,0.20938151451207945,0.7390972497246109
369,0.009028862812464832,0.052283943965502934,0.9386871932220323
370,0.16807461828697356,0.38997871399536416,0.4419466677176622
371,0.5941267951891942,0.368891586619609,0.03698161819119677
372,0.15230696820850856,0.31773957458568713,0.5299534572058042
373,0.4114259508249128,0.3080097258654487,0.2805643233096384
374,0.03747355008296823,0.34219325782643506,0.6203331920905967
375,0.06151100774111806,0.2585447725773566,0.6799442196815253
376,0.0477104671780327,0.42269555409746945,0.5295939787244976
377,0.2737808008070957,0.597445991107935,0.12877320808496942
378,0.04791615654625311,0.228674376600426,0.723409466853321
379,0.10700165964701198,0.4910707258914319,0.40192761446155606
380,0.3264839437368685,0.5697306637571266,0.10378539250600478
381,0.8580582933426631,0.12079848141050058,0.021143225246836234
382,0.430548562670881,0.4732635794010884,0.09618785792803049
383,0.1096837234419804,0.5027373226076782,0.3875789539503413
384,0.050871144244787836,0.2894722338428449,0.6596566219123671
385,0.27220230796688966,0.5629439395925636,0.1648537524405467
386,0.2267058797542326,0.5438099845145953,0.22948413573117202
387,0.18806519863687013,0.5986016499846212,0.21333315137850858
388,0.47215251319306795,0.48296734324385443,0.044880143563077436
389,0.486199284817267,0.39584518613452135,0.11795552904821162
390,0.08378037361145674,0.16247956962204166,0.7537400567665015
391,0.0992043349654725,0.45595978723049185,0.4448358778040356
392,0.23710606193217862,0.5960697455975152,0.16682419247030614
393,0.5318607553404175,0.3857096911401802,0.08242955351940223
394,0.7709473807929564,0.1394449306044725,0.0896076886025709
395,0.06314421932639293,0.412016755717968,0.5248390249556389
396,0.30483680448767153,0.4865187349300368,0.20864446058229155
397,0.28256127251337726,0.5551384022260061,0.1623003252606166
398,0.7297543707978077,0.21765730182585133,0.05258832737634076
399,0.23105120905629536,0.4864788757674549,0.2824699151762496
400,0.041387952456996696,0.24088400686708852,0.7177280406759147
401,0.39667324933307796,0.3560634275392071,0.2472633231277149
402,0.25299469639279504,0.4017257925160472,0.3452795110911578
403,0.12344550018369482,0.36457049348424797,0.5119840063320571
404,0.5331277151012993,0.3323244360905111,0.13454784880818968
405,0.008430602103864267,0.11832037295772153,0.873249024938414
406,0.7394845200713395,0.20331004860087742,0.05720543132778306
407,0.42463872948487796,0.36745862614120167,0.20790264437392011
408,0.10833645507615207,0.2726721173655923,0.6189914275582555
409,0.2454844107719094,0.5228045416425933,0.23171104758549718
410,0.13820095601819754,0.5624255554990167,0.2993734884827857
411,0.0025052809943597334,0.018702976099191165,0.9787917429064491
412,0.6584797575977948,0.26880372682617487,0.07271651557603037
413,0.20271864074783189,0.5996717684191247,0.19760959083304322
414,0.02345597845369657,0.15692454967661207,0.8196194718696912
415,0.020803751149966233,0.1513556145139379,0.8278406343360958
416,0.04739704097354339,0.504965539448197,0.44763741957825953
417,0.361895811433653,0.407784735206074,0.230319453360273
418,0.8046760629067303,0.16872198916855208,0.026601947924717567
419,0.4811768538460213,0.4502063090208373,0.06861683713314126
420,0.0015637603236638667,0.0106702047933417,0.9877660348829944
421,0.5506259155441066,0.35324470039624406,0.09612938405964928
422,0.3072413982677625,0.4180241183558923,0.2747344833763452
423,0.08975779665678246,0.10717382883014563,0.8030683745130718
424,0.16705968605801724,0.47482968278477466,0.35811063115720804
425,0.4312454782440443,0.4990814313392961,0.06967309041665944
426,0.014670949351060135,0.26126073785320747,0.7240683127957324
427,0.16370965781322175,0.3120297152628908,0.5242606269238874
428,0.28774656815688954,0.5100969582897495,0.20215647355336075
429,0.29513887326262256,0.5322773263810251,0.17258380035635232
430,0.015608595871286567,0.16907120305093046,0.8153202010777828
431,0.14947694912972512,0.463134765633596,0.3873882852366788
432,0.09590332832070676,0.5427158540822377,0.3613808175970555
433,0.07059858450421343,0.4453154216353196,0.48408599386046686
434,0.3889351739693438,0.43585826637416725,0.17520655965648893
435,0.5385748299110541,0.38345777576557555,0.07796739432337027
436,0.29180268683788707,0.5442344125191574,0.16396290064295546
437,0.3930891899634506,0.396516425921865,0.21039438411468436
438,0.017791750119003965,0.22958928845328988,0.7526189614277062
439,0.0225054537088327,0.1470897182360635,0.8304048280551036
440,0.0194749416851852,0.11201637636031864,0.8685086819544962
441,0.3602060533985245,0.4517047834889482,0.18808916311252713
442,0.3131338900287733,0.6068337065734045,0.08003240339782226
443,0.226066742014333,0.4533970761328265,0.3205361818528405
444,0.02413054532973417,0.12307435715671239,0.8527950975135533
445,0.009096027102900368,0.06926531632637938,0.9216386565707202
446,0.15913546813738916,0.5223853157367094,0.3184792161259014
447,0.3005736820318286,0.4838109611217871,0.21561535684638422
448,0.5175796226857795,0.38339181100621084,0.09902856630800953
449,0.011562869641617499,0.0857643505620367,0.9026727797963457
450,0.8539591625813867,0.09920971428887222,0.04683112312974083
451,0.05266200965681459,0.4393825872507122,0.5079554030924731
452,0.15523159691371816,0.5414746628114058,0.30329374027487593
453,0.4619833800553495,0.43657462326829233,0.101441996676358
454,0.6815318749839152,0.2712053753778961,0.04726274963818867
455,0.03398306762989597,0.242988226787929,0.7230287055821748
456,0.17687766895496418,0.34897041236501464,0.4741519186800212
457,0.3722460203692786,0.5081888465416772,0.11956513308904405
458,0.2673813041774246,0.4895672971972577,0.2430513986253177
459,0.20140290408235825,0.659840898852152,0.1387561970654896
460,0.5085014063292721,0.4036859802082638,0.08781261346246404
461,0.26470492574990995,0.5614619044018124,0.17383316984827768
462,0.32508627971456344,0.3557676157832881,0.3191461045021484
463,0.27596062278113603,0.4528607428883713,0.27117863433049255
464,0.07963778472473655,0.5469093867978408,0.3734528284774225
465,0.4035543216386756,0.32800999194012287,0.2684356864212016
466,0.7274678026954718,0.22105232668230146,0.05147987062222666
467,0.12980684139127538,0.4336531615812764,0.436539997027448
468,0.6638662502503426,0.2652237668442738,0.07090998290538357
469,0.1926181822504377,0.7034940003757865,0.10388781737377577
470,0.0135477310541601,0.22073153689021238,0.7657207320556273
471,0.038296323493692164,0.1864024633446386,0.7753012131616691
472,0.022625785530953596,0.23985558417481778,0.7375186302942286
473,0.6692842835357359,0.27158407045124894,0.05913164601301516
474,0.290555725644759,0.35613332750511084,0.35331094685013004
475,0.26535783979102273,0.5736351575510282,0.16100700265794898
476,0.581960684963973,0.35520889963981905,0.06283041539620805
477,0.009051964772551999,0.18294774269089975,0.8080002925365481
478,0.4572307190393557,0.43840205024787177,0.10436723071277237
479,0.1737512909579695,0.45757864048628977,0.36867006855574064
480,0.2599749971544068,0.4725726161187243,0.2674523867268687
481,0.0628680550878284,0.2753510062345672,0.6617809386776042
482,0.2949754268939773,0.5793558613652039,0.12566871174081873
483,0.040011921424728966,0.313846894038681,0.64614118453659
484,0.3804087817683448,0.44495633135990253,0.17463488687175246
485,0.15103719163185658,0.42964496044283695,0.4193178479253063
486,0.1378036858393679,0.544060994811454,0.31813531934917805
487,0.8509863185948943,0.10013268969160044,0.048880991713505066
488,0.043048622214512534,0.5755126014607145,0.3814387763247728
489,0.12165051662448467,0.4534305438781551,0.42491893949736026
490,0.035379382904003435,0.28847610808606,0.6761445090099364
491,0.11514123502092939,0.6305519853724116,0.2543067796066588
492,0.1594024652004806,0.508392432907536,0.3322051018919832
493,0.16375485545932536,0.4743353648061291,0.3619097797345454
494,0.5543838933188189,0.18961048168090758,0.25600562500027346
495,0.005608392353528301,0.09859381779938536,0.895797789847086
496,0.8089817465812854,0.17310191584775095,0.01791633757096357
497,0.32949815419716233,0.542047939546381,0.12845390625645653
498,0.11988850462898919,0.15773920511499848,0.7223722902560122
499,0.04705666995442629,0.661279763743401,0.29166356630217266
500,0.5365396625404051,0.43285824638504306,0.030602091074551835
501,0.014401472884604733,0.12194464789783373,0.8636538792175615
502,0.1339650056501429,0.38473199250690665,0.48130300184295044
503,0.2950868354471828,0.36872236232501804,0.336190802227799
504,0.13322557403757088,0.5887597582757331,0.27801466768669586
505,0.40389164778607317,0.4054877521483314,0.19062060006559536
506,0.03970189619545977,0.14435304749441732,0.8159450563101229
507,0.22054113149100582,0.4648404739713397,0.31461839453765444
508,0.260047084031331,0.35019350839718055,0.38975940757148836
509,0.5475516893497511,0.41771693606956123,0.03473137458068763
510,0.05516524573691604,0.33413776504198617,0.6106969892210977
511,0.0857094760013728,0.39858884529943417,0.5157016786991929
512,0.34068882429431735,0.23401774311458834,0.4252934325910942
513,0.06689255389437203,0.5028276450063427,0.430279801099285
514,0.006791600346696434,0.05239025631769426,0.940818143335609
515,0.025448582523298197,0.1642297258194405,0.8103216916572612
516,0.05029777007547279,0.1768080107366611,0.772894219187866
517,0.2216437030770377,0.5245009837793889,0.2538553131435732
518,0.3008112353576697,0.557144765725997,0.14204399891633326
519,0.3098546044455405,0.48942091349860467,0.2007244820558547
520,0.15951985716190908,0.5841627715023624,0.25631737133572835
521,0.4751239326896944,0.45073894832966666,0.07413711898063884
522,0.0103156825838469,0.04874297857426697,0.9409413388418861
523,0.062119657518612204,0.7189825356395186,0.218897806841869
524,0.22106980690196984,0.5202210307358567,0.2587091623621733
525,0.20689740041266622,0.44154825464109604,0.35155434494623766
526,0.4090770672141371,0.4300139748285016,0.16090895795736113
527,0.0853256836453874,0.6518901559391111,0.2627841604155015
528,0.6004433423802024,0.3422438177878147,0.05731283983198273
529,0.3034711956055385,0.44848248330844026,0.24804632108602112
530,0.11485660483520925,0.2446758900643433,0.6404675051004475
531,0.16398782129835843,0.5923744039487322,0.24363777475290926
532,0.20612956143468586,0.2284868771876226,0.5653835613776915
533,0.08668549610625707,0.5270210870350921,0.38629341685865076
534,0.05079717749925747,0.46435167075500305,0.4848511517457393
535,0.1192497537301563,0.5609965885395879,0.31975365773025577
536,0.2946162826845673,0.5179785053977807,0.187405211917652
537,0.10648574008006588,0.5178451938051781,0.3756690661147559
538,0.423929987546291,0.3852938115701365,0.19077620088357236
539,0.15588615468256498,0.46056575760544877,0.3835480877119863
540,0.13543987093106638,0.4388484536287082,0.4257116754402254
541,0.08087082629773787,0.3610670803525377,0.5580620933497245
542,0.13357242550878917,0.6534574845269803,0.2129700899642303
543,0.359456843146951,0.532345893912971,0.10819726294007788
544,0.07352931336892447,0.5400811928348555,0.38638949379622006
545,0.10357781422315103,0.48292859887528455,0.4134935869015643
546,0.6718723023254265,0.25934648441779545,0.06878121325677793
547,0.8451088283366129,0.07801248043280237,0.0768786912305845
548,0.5602187325571849,0.282239030744466,0.1575422366983492
549,0.22291328589311732,0.6419054962097012,0.1351812178971815
550,0.4283519751584744,0.4925625932671555,0.07908543157437
551,0.18315504787037842,0.611635768922529,0.20520918320709228
552,0.434529850976731,0.48709035451132005,0.07837979451194883
553,0.19635276743979627,0.6460101363063734,0.1576370962538301
554,0.0383232552994731,0.33347006234897464,0.6282066823515522
555,0.5467812859884886,0.39964654423530077,0.05357216977621063
556,0.3733754680540499,0.42630050057179564,0.2003240313741543
557,0.17561458590988174,0.34775070645797407,0.4766347076321444
558,0.0033922031705061334,0.04470409987413846,0.9519036969553554
559,0.29565972595802403,0.584916230994132,0.11942404304784389
560,0.08821120790061676,0.47625685072165647,0.4355319413777268
561,0.25218401902190557,0.2630521807014949,0.48476380027659954
562,0.006954661000151334,0.02390469132445323,0.9691406476753953
563,0.16107091755832892,0.5471902439535655,0.2917388384881054
564,0.8681255606682844,0.06874691203180276,0.0631275272999127
565,0.360190789580578,0.46665160383819554,0.1731576065812265
566,0.10224191771192104,0.7469923181591559,0.15076576412892295
567,0.10350042045471901,0.6129277868693026,0.2835717926759784
568,0.07742052647579363,0.4540159552843614,0.46856351823984504
569,0.010525782785020234,0.10947723160641247,0.8799969856085671
570,0.0019536246773939002,0.029927493394035203,0.9681188819285708
571,0.05909942353789869,0.7778911101254402,0.163009466336661
572,0.3661994543111078,0.5806269702066745,0.05317357548221754
573,0.1262076158818999,0.346609835855203,0.527182548262897
574,0.23274626436575696,0.6889558001864682,0.07829793544777473
575,0.0525855761011185,0.421970904549372,0.5254435193495094
576,0.07566984453539714,0.446049375265702,0.4782807801989007
577,0.3554265598834366,0.3954430823055433,0.24913035781101986
578,0.02736496201202403,0.20944009479602355,0.7631949431919525
579,0.014236777916035899,0.3268051605586323,0.6589580615253318
580,0.0111316014496462,0.12011487824273803,0.8687535203076157
581,0.010520919737427832,0.09448186220378386,0.8949972180587883
582,0.6133180570499491,0.3110695339273795,0.07561240902267144
583,0.27418883018325957,0.6382377107732549,0.0875734590434854
584,0.0549182132510009,0.2902960383067605,0.6547857484422385
585,0.49876272394660326,0.397567999418047,0.1036692766353496
586,0.6464274740641991,0.30539662027771847,0.048175905658082434
587,0.0029004459616255,0.032727397697472564,0.9643721563409017
588,0.5650782303061374,0.33873128966975835,0.09619048002410424
589,0.0049901495576676665,0.04857024831845674,0.9464396021238756
590,0.16449936438786714,0.496566233091776,0.3389344025203567
591,0.3560617310956446,0.49012788728003504,0.15381038162432029
592,0.5798918375202834,0.34599958132610986,0.07410858115360673
593,0.023208806914377402,0.1010349220217396,0.8757562710638829
594,0.5624693756612721,0.36552944815471583,0.07200117618401203
595,0.5592221710087303,0.32528866883496677,0.1154891601563028
596,0.21766237480439535,0.3676493047084803,0.4146883204871242
597,0.42403765723922066,0.3981956336205051,0.17776670914027418
598,0.1507231085534163,0.4511681263439607,0.39810876510262294
599,0.5279939510194099,0.36795846600581034,0.10404758297477963
600,0.022292348721793,0.11739882277605633,0.8603088285021506
601,0.4467082450519766,0.45650340734243916,0.09678834760558408
602,0.001807695353423867,0.015350802374989167,0.982841502271587
603,0.09510739892754373,0.37897471596923654,0.5259178851032195
604,0.14531503226655365,0.4572448885564056,0.39744007917704066
605,0.0020339055354140333,0.030502179613797933,0.967463914850788
606,0.5164185595166805,0.3850366136003491,0.09854482688297034
607,0.0330519961537682,0.4489076665198389,0.5180403373263929
608,0.09764806296873052,0.3274036546004055,0.574948282430864
609,0.09095446675026535,0.201000585584686,0.7080449476650487
610,0.4069147587515773,0.4281737230654183,0.1649115181830044
611,0.33827581971831117,0.6229622344376766,0.03876194584401203
612,0.009682174155278599,0.14486363780499345,0.8454541880397279
613,0.060248924716878906,0.32776877266071563,0.6119823026224054
614,0.1400679034885668,0.3738612695610732,0.48607082695036014
615,0.056815695087409405,0.27026631639732196,0.6729179885152684
616,0.10112203996694569,0.6761063337972332,0.22277162623582117
617,0.02496728001965473,0.22616584515118623,0.748866874829159
618,0.35279939270388416,0.4637621414782542,0.18343846581786152
619,0.052800039239830204,0.2896540953832997,0.65754586537687
620,0.20963032269229123,0.6638990799538144,0.12647059735389432
621,0.1995753943291203,0.6160333499432845,0.18439125572759518
622,0.024578114553598197,0.24488098226124358,0.7305409031851581
623,0.5812308494548136,0.3827032625323492,0.0360658880128372
624,0.009733218049174099,0.22674699169261378,0.7635197902582119
625,0.06916963258891147,0.7768958611870497,0.15393450622403893
626,0.48609067699071157,0.3651545198056967,0.14875480320359166
627,0.20318065016275433,0.48239949976853924,0.3144198500687064
628,0.8671652275440648,0.10904251419763862,0.023792258258296502
629,0.34527117803319723,0.4445993891536479,0.21012943281315496
630,0.16250127913484155,0.4981928827250346,0.33930583814012366
631,0.4037931525889289,0.3890073343711376,0.20719951303993342
632,0.408357034439862,0.439038243604475,0.15260472195566308
633,0.3395436915347701,0.5136572353332957,0.1467990731319342
634,0.35952863427938,0.5298718799535639,0.11059948576705592
635,0.3193912877241069,0.539021928447979,0.14158678382791398
636,0.2403031804110131,0.5098533484993083,0.24984347108967864
637,0.0785798738724659,0.6507612661079981,0.2706588600195359
638,0.3223310978886193,0.5514043362284652,0.12626456588291549
639,0.006558194386258834,0.05926769021301523,0.9341741154007258
640,0.009924648971968866,0.2785094192941853,0.7115659317338457
641,0.09792682542321346,0.6990597790881271,0.2030133954886593
642,0.5340650940447623,0.34169089406443565,0.12424401189080182
