ID,high,medium,low
1,0.49796937145666975,0.3657011809647376,0.1363294475785926
2,0.24304211091371614,0.5398644171546019,0.21709347193168232
3,0.0711017935323403,0.27762468759550624,0.6512735188721538
4,0.29879812093505886,0.49311946784238925,0.20808241122255225
5,0.04416020180171303,0.18223724376104494,0.7736025544372422
6,0.0696441452659895,0.23639444036726087,0.6939614143667495
7,0.13670547616011247,0.38830520245972777,0.47498932138016
8,0.22128892054411303,0.4764856651561554,0.3022254142997315
9,0.27249368432862603,0.4117640136397996,0.3157423020315746
10,0.28059050577220673,0.4120646841752098,0.30734481005258346
11,0.19014532790237706,0.5349070749303715,0.27494759716725165
12,0.20366095292322317,0.5200524403158958,0.27628660676088124
13,0.09085402517528265,0.28921956896971607,0.6199264058550013
14,0.23564537301720595,0.4320416348257748,0.33231299215701937
15,0.20996893100013686,0.4407908871006909,0.34924018189917244
16,0.16920737218796453,0.449236574141284,0.38155605367075157
17,0.07941829009311219,0.2475804834700146,0.6730012264368731
18,0.1220188367213219,0.36253800930824254,0.5154431539704356
19,0.37992435184765033,0.4445184771588611,0.1755571709934886
20,0.21899658605975927,0.5367002666936506,0.2443031472465904
21,0.24340239129992755,0.43566123807506774,0.32093637062500485
22,0.08024017882524903,0.17246222618170942,0.7472975949930419
23,0.2098805703918908,0.3734300681140691,0.41668936149404034
24,0.08534823257312689,0.30913287058794714,0.605518896838926
25,0.1515030168490613,0.4621587737420202,0.3863382094089188
26,0.10556476362978284,0.3362900608250988,0.5581451755451184
27,0.2191009227282056,0.3591853998687924,0.42171367740300214
28,0.49483937241967213,0.3614462176343832,0.14371440994594492
29,0.11452361192220573,0.30022136264694865,0.585255025430846
30,0.18114778462604847,0.5723068968353904,0.24654531853856146
31,0.2397094439992445,0.3569974214551442,0.4032931345456115
32,0.3898144848041826,0.4341154923085682,0.17607002288724943
33,0.12698130429061122,0.30265246811143015,0.5703662275979587
34,0.14408479299617752,0.36682337145356725,0.4890918355502555
35,0.1730486898275614,0.40442501690992827,0.42252629326251034
36,0.039568864040066,0.1444479668304235,0.8159831691295105
37,0.24909476541977993,0.5422679173179099,0.20863731726231066
38,0.14532141833933845,0.37993525231009195,0.47474332935056995
39,0.4568921971076751,0.37697291829433466,0.1661348845979903
40,0.42240050699049964,0.3747263307727913,0.20287316223670934
41,0.1774266108226104,0.3966269639129939,0.42594642526439574
42,0.3601625917737623,0.4488262271565745,0.19101118106966333
43,0.1137743355677296,0.2889052684101253,0.5973203960221453
44,0.11981857142774299,0.4964328274453684,0.383748601126889
45,0.15353154306598848,0.46086135206896967,0.3856071048650419
46,0.4213782958850252,0.4333162382104326,0.14530546590454235
47,0.16478757471542999,0.367663357885234,0.4675490673993363
48,0.15392893655966616,0.43827822312221826,0.4077928403181157
49,0.22412472893493293,0.41596696838363334,0.3599083026814339
50,0.3591161193265776,0.40481260534001884,0.23607127533340355
51,0.35439801156940326,0.4029322956854406,0.24266969274515632
52,0.6779293635857321,0.2566408429007049,0.06542979351356329
53,0.28821851509222285,0.45753502093669207,0.25424646397108525
54,0.4395547843488375,0.3142307946866031,0.24621442096455973
55,0.09038379400695125,0.258755129477792,0.6508610765152568
56,0.13585077092818185,0.5323379934595043,0.33181123561231407
57,0.4356251420286738,0.3930698280130326,0.17130502995829375
58,0.042126777308261275,0.16413395486234786,0.7937392678293911
59,0.2453116018554537,0.5495365307164367,0.20515186742810973
60,0.1260991920872719,0.41360042821793763,0.4603003796947906
61,0.13044331384593652,0.3672406044168447,0.5023160817372189
62,0.1513175076534345,0.44671552840185874,0.401966963944707
63,0.26344415747398325,0.4578627513914609,0.27869309113455604
64,0.18367151805517098,0.34750419443182323,0.46882428751300614
65,0.354852155968428,0.4052093856607516,0.23993845837082067
66,0.4426401310156699,0.35056016916826716,0.20679969981606314
67,0.10489040486417253,0.26661284396463236,0.6284967511711953
68,0.20701150291897533,0.4789861294721245,0.31400236760890027
69,0.3576230604459142,0.478340385766196,0.16403655378788995
70,0.07658596341322606,0.31828094695101833,0.6051330896357561
71,0.22203278465604387,0.45930328193711734,0.31866393340683863
72,0.2677108300245223,0.5503781520048892,0.18191101797058903
73,0.28121330503247255,0.5065587121476535,0.21222798281987423
74,0.08944037058191437,0.29757983965950635,0.6129797897585794
75,0.15311939435547844,0.619850316420006,0.22703028922451582
76,0.6201710622696772,0.25573761395023636,0.12409132378008698
77,0.04892693297677057,0.31643637482851183,0.6346366921947176
78,0.130126104269237,0.4723553845349433,0.3975185111958198
79,0.29957740015537226,0.43863188062754227,0.2617907192170855
80,0.3025870269434872,0.4652486427228209,0.232164330333692
81,0.02882913680911195,0.1127274622748198,0.8584434009160681
82,0.19345932539661684,0.5316839462488085,0.2748567283545748
83,0.06269855071823574,0.23158579072130153,0.7057156585604629
84,0.16279599862218108,0.5120043928478334,0.32519960852998575
85,0.17762074749162632,0.39301137291856775,0.4293678795898062
86,0.18703690222411437,0.34984368686350503,0.46311941091238085
87,0.10934142595245107,0.35539703243893894,0.53526154160861
88,0.3032695339295738,0.4840924719748333,0.21263799409559297
89,0.10683353250980117,0.3269518505597123,0.5662146169304869
90,0.21528835667972598,0.3444420460996992,0.4402695972205751
91,0.017747446957146525,0.08328529995979439,0.8989672530830596
92,0.37367644881389017,0.4360433376447304,0.1902802135413794
93,0.5429273229801023,0.26485806120183636,0.1922146158180618
94,0.25738014890121014,0.39482074033140635,0.3477991107673835
95,0.5346704082699354,0.3448444578279103,0.12048513390215446
96,0.13683426521939707,0.5347621938159441,0.32840354096465935
97,0.5054948825902303,0.33168141963846953,0.16282369777130035
98,0.1020713573781199,0.3202838273601146,0.5776448152617653
99,0.26575747674011924,0.4079569996971282,0.326285523562753
100,0.20761478520718302,0.4867227084291736,0.30566250636364367
101,0.13121165552420663,0.35234334566152076,0.5164449988142727
102,0.25990854494623206,0.49359389305878365,0.24649756199498452
103,0.30896801566934773,0.4498155292093492,0.24121645512130332
104,0.2866854709561774,0.5014771575172288,0.21183737152659382
105,0.325081403429479,0.4609687077138368,0.21394988885668415
106,0.31165495986317143,0.4719663211292078,0.2163787190076211
107,0.2392358758479461,0.4553661667739095,0.30539795737814457
108,0.2647670771784486,0.545347795676878,0.18988512714467393
109,0.14685024346113948,0.4252791792816656,0.4278705772571952
110,0.2687023265097496,0.4904187757727387,0.2408788977175119
111,0.03571242991360712,0.21313501498947157,0.7511525550969217
112,0.08929158756931552,0.41559578762784727,0.49511262480283724
113,0.11377903592696967,0.44907941977885235,0.437141544294178
114,0.5077870283431716,0.3114468644686243,0.18076610718820463
115,0.42486166191003144,0.36964720834997955,0.20549112973998943
116,0.2513270353989274,0.46238139601539585,0.2862915685856768
117,0.023178500072980047,0.10403306635617962,0.8727884335708408
118,0.2806460785400602,0.43073559924643934,0.2886183222135007
119,0.2663668435234678,0.31526061967734115,0.41837253679919134
120,0.2384648037055534,0.499008348423159,0.262526847871288
121,0.24759721606935906,0.48821442549310234,0.2641883584375388
122,0.013410082862394332,0.06129627318912462,0.9252936439484815
123,0.05942982888697572,0.24430905853348497,0.6962611125795394
124,0.16578940540796544,0.45914238218887543,0.3750682124031596
125,0.09255204542038192,0.46558610735281974,0.4418618472267988
126,0.15977864719209223,0.5915526966748867,0.24866865613302122
127,0.1945194200903824,0.45602083448801095,0.34945974542160674
128,0.39636851428781084,0.3927949898092485,0.2108364959029408
129,0.10229027538479799,0.3308646577761366,0.5668450668390657
130,0.03606454918224429,0.14266671877487136,0.8212687320428843
131,0.3186610782587718,0.4945268182836754,0.18681210345755317
132,0.23356172450211563,0.5455987073582759,0.22083956813960862
133,0.43668344334411396,0.39122205697246537,0.17209449968342097
134,0.18750110941058254,0.4210734334356627,0.39142545715375493
135,0.11483748167626744,0.2793461239499252,0.6058163943738073
136,0.16026939396340323,0.3687721777401022,0.4709584282964947
137,0.3109390073822328,0.4482059428499333,0.24085504976783412
138,0.29572979332127164,0.43112072787044814,0.2731494788082805
139,0.20386539049519664,0.3902292347198555,0.40590537478494815
140,0.40696168747013006,0.39477215224090034,0.19826616028896973
141,0.003096329065553986,0.046071029785175445,0.9508326411492705
142,0.13618107129268048,0.6463172807440989,0.21750164796322097
143,0.3315577515379376,0.4302765280194089,0.2381657204426534
144,0.14241176125082147,0.3441117410903999,0.5134764976587787
145,0.17034010046016476,0.3717324843534377,0.45792741518639773
146,0.17334803487925046,0.46111519181497657,0.36553677330577344
147,0.14280471224119728,0.36279141955094607,0.49440386820785687
148,0.13694227551728305,0.3406536523986387,0.5224040720840782
149,0.09512142294018744,0.35458917533856826,0.5502894017212443
150,0.020948348672892157,0.09976897371413569,0.8792826776129724
151,0.12346716407971983,0.2583844920567712,0.6181483438635091
152,0.25800966254295665,0.5037514229447735,0.23823891451227
153,0.1732160645718975,0.3873423509914491,0.4394415844366536
154,0.5138802816505268,0.2424165741948094,0.2437031441546639
155,0.14903599123678918,0.34311585481211254,0.5078481539510986
156,0.319459489528722,0.43973845801514566,0.24080205245613245
157,0.25961805875299643,0.3982362990767148,0.34214564217028887
158,0.09982507910461104,0.49574753440354663,0.40442738649184246
159,0.3290644999494582,0.37337432728756836,0.2975611727629738
160,0.3288412130835393,0.4189817235881332,0.25217706332832757
161,0.4210398753105437,0.3998611486491719,0.17909897604028469
162,0.27322686550715936,0.4695049345196277,0.2572681999732131
163,0.1294260382351448,0.32504876426526874,0.5455251974995867
164,0.26957192952597014,0.49535538109377464,0.23507268938025536
165,0.34152914082289254,0.5086788203505354,0.14979203882657255
166,0.2589960803156937,0.45051756161145395,0.29048635807285245
167,0.1425300366847165,0.573019985666959,0.28444997764832497
168,0.12971637265509456,0.5362012850421635,0.33408234230274203
169,0.2159088615372593,0.44398754172603355,0.34010359673670737
170,0.24732135946503106,0.47675118678054973,0.27592745375441924
171,0.18783421593247462,0.32625662833383007,0.48590915573369536
172,0.3149619827908848,0.5131606462778067,0.171877370931309
173,0.024762991445998007,0.1261562473987748,0.8490807611552273
174,0.2361973949817246,0.3675763181770399,0.39622628684123573
175,0.14110320545233138,0.5105313223298596,0.34836547221780917
176,0.11721523600916375,0.36041067397600274,0.5223740900148337
177,0.22750463814803004,0.41688283659551884,0.3556125252564512
178,0.09011535432637276,0.26546948540050996,0.6444151602731174
179,0.03890957230241394,0.31328697424995744,0.6478034534476287
180,0.19909301020210096,0.34459979385865175,0.45630719593924746
181,0.1654632709277622,0.5911098651003728,0.24342686397186553
182,0.11616307050916581,0.35535414703176815,0.5284827824590661
183,0.23925438974845198,0.4666401075554602,0.2941055026960879
184,0.2378427530931833,0.4176527689578802,0.3445044779489367
185,0.02258435777221804,0.10530894845053432,0.8721066937772477
186,0.2824677099358125,0.4783792136778148,0.23915307638637295
187,0.08659049316647441,0.34539776263721045,0.5680117441963152
188,0.19997810838567673,0.4487078398433214,0.3513140517710021
189,0.14890494649156777,0.3492211024717503,0.5018739510366821
190,0.07007274894725388,0.32562253570796257,0.6043047153447836
191,0.12110350249820427,0.5177101347510017,0.3611863627507943
192,0.08739599089590117,0.2737533600900516,0.6388506490140472
193,0.36825236271022177,0.447505229626617,0.1842424076631615
194,0.6590261302270373,0.22637509175967616,0.11459877801328662
195,0.018041594983654444,0.0958686580747715,0.8860897469415743
196,0.20966682018709487,0.5207874913206234,0.2695456884922819
197,0.11574212454999958,0.3959095566088454,0.48834831884115504
198,0.378643798620857,0.4220310462667685,0.19932515511237464
199,0.1519019070707003,0.5981423638875327,0.2499557290417671
200,0.058044080177031186,0.3191143064522016,0.6228416133707674
201,0.24531004881602883,0.4042959752496137,0.3503939759343572
202,0.07748696346488251,0.240913623282269,0.6815994132528487
203,0.05483390556014611,0.3576117787214145,0.5875543157184394
204,0.3032215136527542,0.2344385992178209,0.46233988712942536
205,0.1166288363108385,0.3016050336254757,0.5817661300636859
206,0.0703265766841928,0.3335620794412567,0.5961113438745506
207,0.07019200485279908,0.2029522384548656,0.7268557566923355
208,0.14439131520476833,0.40851181831325983,0.44709686648197194
209,0.34411850281434153,0.3865633831747721,0.2693181140108865
210,0.3015188494599917,0.5351365403713164,0.1633446101686918
211,0.3265997262655199,0.4078528864116497,0.26554738732283045
212,0.06754818796117777,0.18579773268727193,0.7466540793515504
213,0.4076087448673763,0.42954310020367537,0.16284815492894827
214,0.18429686172238458,0.362604449255074,0.4530986890225416
215,0.05944067060502619,0.24202484231951193,0.698534487075462
216,0.22342550560280072,0.39807715043782305,0.37849734395937606
217,0.13632936391658304,0.2953513801215436,0.5683192559618735
218,0.1350369054909928,0.6259583553180771,0.23900473919093038
219,0.42818099932373876,0.28646319799598746,0.2853558026802737
220,0.14108983671848102,0.4353431683065481,0.42356699497497113
221,0.3007262713293666,0.44167703331138897,0.2575966953592445
222,0.08950222192697728,0.36793018534226973,0.5425675927307528
223,0.10282479095477,0.2576932042138772,0.639482004831353
224,0.070618367832616,0.27050243185486367,0.6588792003125203
225,0.19591248934778566,0.5336387311762409,0.2704487794759737
226,0.12310416542057531,0.3629159275705779,0.5139799070088469
227,0.2771138759217072,0.553828712685583,0.16905741139271013
228,0.21273128929391513,0.5115875532887795,0.2756811574173054
229,0.20302329684818368,0.5435488951097444,0.25342780804207216
230,0.1697324850113283,0.3271851416498387,0.5030823733388334
231,0.03453009865037578,0.30801914928333524,0.6574507520662893
232,0.6065324175800743,0.2915281447896205,0.10193943763030536
233,0.10603095580056418,0.2665376938911103,0.6274313503083258
234,0.14047404305353953,0.5369767176527261,0.32254923929373447
235,0.13835914071168395,0.542276409720122,0.31936444956819393
236,0.2549196195939051,0.5390045933950139,0.20607578701108137
237,0.3055998807753395,0.45231268898260285,0.24208743024205784
238,0.29465108515346566,0.4460386796917719,0.25931023515476254
239,0.07938857472393682,0.21428816876947887,0.7063232565065843
240,0.28049785672680944,0.5180110609923277,0.20149108228086274
241,0.5518149561867105,0.315337240117277,0.13284780369601257
242,0.061823819794500114,0.18699301951751712,0.751183160687983
243,0.08869341469437352,0.33113848625197273,0.580168099053654
244,0.10980902821640708,0.32307552896790004,0.5671154428156933
245,0.26031359099147605,0.46076782024522744,0.27891858876329656
246,0.2798428202082367,0.3536746745075494,0.36648250528421383
247,0.29092261138555753,0.4892654747919723,0.21981191382247028
248,0.4542283324572479,0.3082543882649198,0.23751727927783248
249,0.04918477627756044,0.2699517500320362,0.6808634736904035
250,0.17380048961146985,0.4202471289465217,0.40595238144200857
251,0.05906711462817042,0.23530643599103135,0.7056264493807982
252,0.3106878877366298,0.4324346331475148,0.25687747911585534
253,0.16389534955735943,0.35981919657934824,0.4762854538632924
254,0.07730609128243555,0.40665328692916053,0.516040621788404
255,0.4248944894106409,0.39570352650587254,0.17940198408348682
256,0.3313502411904742,0.408493630956583,0.26015612785294306
257,0.13803425348472648,0.5399840418420746,0.32198170467319914
258,0.28801856720854324,0.41886659569174833,0.29311483709970865
259,0.4529372051506906,0.3824201606820653,0.1646426341672444
260,0.41608205341629595,0.42545490796370516,0.15846303861999905
261,0.1607652464951303,0.35593948660444685,0.48329526690042324
262,0.03564481148890945,0.29951006258387164,0.6648451259272192
263,0.30830456822800684,0.5280370606623468,0.16365837110964676
264,0.15402190923730763,0.3435640313193667,0.5024140594433256
265,0.4115603566547262,0.43618785428584195,0.1522517890594319
266,0.39401984731446477,0.4049865561850644,0.20099359650047122
267,0.4329135688016149,0.2905494011273098,0.2765370300710754
268,0.027850652879770475,0.11708638928103934,0.8550629578391904
269,0.1542437921567569,0.4780594998028674,0.3676967080403758
270,0.14570032908116187,0.5041605667549336,0.35013910416390465
271,0.7161070195097538,0.22048874541960709,0.06340423507063925
272,0.0485031526593795,0.17068541254202035,0.7808114347986003
273,0.14407562363758555,0.42019506659535627,0.4357293097670583
274,0.03330281816997864,0.14919194587952742,0.8175052359504941
275,0.1820631054540712,0.6269863557847896,0.19095053876113935
276,0.38801416439086145,0.4372252921790176,0.17476054343012098
277,0.33765679379774394,0.4346535471508659,0.22768965905139033
278,0.21508468889341162,0.5313023833312148,0.2536129277753738
279,0.11481564721253412,0.4756892493740151,0.40949510341345113
280,0.1332166288428948,0.4520399843571127,0.41474338679999284
281,0.1274725217413311,0.4297560910351077,0.44277138722356135
282,0.014191418904126254,0.05648929482408884,0.9293192862717851
283,0.1414140352348155,0.4576097246350887,0.400976240130096
284,0.2194626669769562,0.4762371620840839,0.30430017093896
285,0.2642490126572007,0.3800891263910919,0.35566186095170754
286,0.03100961313027235,0.14307406556243957,0.8259163213072881
287,0.04617165319775302,0.1764602006332418,0.7773681461690052
288,0.3744126480795921,0.4555668956577468,0.1700204562626613
289,0.11309784109311387,0.5521927864603637,0.3347093724465225
290,0.18966280618125086,0.3373254129161825,0.4730117809025668
291,0.2634929833460683,0.5061554106312594,0.23035160602267254
292,0.17929067355742728,0.5289040026080605,0.2918053238345123
293,0.19969944882827134,0.40381173725158537,0.3964888139201433
294,0.15230379437591662,0.5541594026288886,0.29353680299519486
295,0.23200701321432934,0.5393227032911361,0.2286702834945349
296,0.18664496170792524,0.4437730270807803,0.3695820112112946
297,0.0873221691446319,0.3693883718538099,0.5432894590015582
298,0.08826658232755433,0.310470652375757,0.6012627652966891
299,0.1017918366596187,0.26212361003262313,0.6360845533077584
300,0.269704097773363,0.5340546804434153,0.19624122178322206
301,0.1394230758526459,0.314204680636495,0.5463722435108593
302,0.08506154475608495,0.3299308444826582,0.5850076107612568
303,0.2726286747930934,0.42086280298692447,0.3065085222199821
304,0.08452965730170425,0.398388863289508,0.5170814794087878
305,0.5841648544483993,0.3057803115543727,0.11005483399722862
306,0.03049355659491168,0.13817118909889306,0.8313352543061956
307,0.1664577608293501,0.5332006961434341,0.30034154302721594
308,0.033891124581859784,0.11441141087846769,0.8516974645396729
309,0.2911705063853701,0.4904864702111462,0.2183430234034839
310,0.5077466224851732,0.36511627739936453,0.12713710011546253
311,0.38852854330805336,0.4474892524359464,0.1639822042560005
312,0.31471008654582733,0.4408174445432212,0.24447246891095137
313,0.3262609361168344,0.36322941071521275,0.31050965316795304
314,0.0965931359422771,0.3446032509087084,0.5588036131490147
315,0.17127238314115123,0.4730146508688923,0.35571296598995666
316,0.39924260650389976,0.36808055231271924,0.23267684118338106
317,0.3479494346654172,0.4447381749198521,0.2073123904147307
318,0.03293704925497405,0.1551676493608507,0.8118953013841752
319,0.11101799326369462,0.2550044354240057,0.6339775713122997
320,0.4789984518405488,0.3944415123917928,0.1265600357676586
321,0.05390037193595516,0.16015091420533278,0.7859487138587121
322,0.7308104915903167,0.20990455128137747,0.05928495712830598
323,0.48579776079057896,0.3248618847995499,0.18934035440987138
324,0.085441668568255,0.38578391796518174,0.5287744134665633
325,0.2414673273918208,0.4468201589780441,0.31171251363013525
326,0.3084565685601512,0.45322090374829554,0.23832252769155335
327,0.12771073853147075,0.3258568080843328,0.5464324533841968
328,0.25791666744148317,0.3780059952713304,0.3640773372871866
329,0.21290965911880635,0.37858511971565323,0.40850522116554044
330,0.07187196703515229,0.3311279198722438,0.5970001130926039
331,0.5434681439639937,0.3230413857910005,0.13349047024500627
332,0.42924119550405965,0.42482801243092255,0.1459307920650181
333,0.2840256717574473,0.5061209656035859,0.20985336263896723
334,0.24714244833913188,0.5099114245391742,0.242946127121694
335,0.27053181841333923,0.4361681635063376,0.29330001808032297
336,0.037611695435777706,0.19993925132750595,0.7624490532367164
337,0.2851618707889884,0.5246184290085927,0.19021970020241938
338,0.32567919183475413,0.4761051943926649,0.1982156137725814
339,0.23608623077319102,0.462312896175054,0.3016008730517551
340,0.2719076569842116,0.47814248390609215,0.24994985910969642
341,0.41100216949141155,0.426288893575897,0.16270893693269167
342,0.34802732985202767,0.46212383081106373,0.1898488393369087
343,0.208105908406788,0.47966910842599947,0.31222498316721276
344,0.24143057371456397,0.5084854927913035,0.25008393349413266
345,0.34104256299312213,0.44672296218202145,0.21223447482485663
346,0.12046702229540926,0.40334767383514086,0.47618530386944996
347,0.13657367944239676,0.30325867323784966,0.5601676473197539
348,0.07711470969412412,0.21770213625863413,0.7051831540472419
349,0.3055015697864724,0.5084261157619718,0.18607231445155614
350,0.1727573071411817,0.5687295165599726,0.25851317629884607
351,0.1416140199934531,0.30673488922824965,0.5516510907782973
352,0.6179033985919634,0.2536509260329748,0.12844567537506213
353,0.20606735461759706,0.4567216235240063,0.33721102185839663
354,0.32063156097953216,0.5189292623507272,0.16043917666974078
355,0.1455749961511596,0.3586700391958027,0.49575496465303787
356,0.08663470125937979,0.28083015658467014,0.6325351421559504
357,0.4013223952440515,0.388015179759606,0.21066242499634277
358,0.18102236668674773,0.4924654945914111,0.3265121387218412
359,0.2186226297517498,0.5079530533765457,0.2734243168717049
360,0.22760164672075311,0.35950303455859933,0.4128953187206478
361,0.21694075227324022,0.35197408035457683,0.43108516737218316
362,0.1576071810307764,0.36950188853498467,0.4728909304342389
363,0.37916701148871745,0.4204924586399995,0.20034052987128317
364,0.1408423689712473,0.4200064655445791,0.4391511654841736
365,0.2153871907787035,0.44392521252297223,0.3406875966983245
366,0.13825109400535668,0.5160538483028535,0.34569505769178993
367,0.25955624306988484,0.39330335420711177,0.3471404027230036
368,0.046361872214927984,0.20606252195831964,0.7475756058267528
369,0.06792006909117625,0.20169167809049027,0.7303882528183339
370,0.18964402731110858,0.42515332795942457,0.38520264472946697
371,0.5221418805379492,0.355151934374307,0.12270618508774415
372,0.17380314048960627,0.3398278039021798,0.48636905560821414
373,0.49051111645678036,0.3222003723991139,0.187288511144106
374,0.11961161195835927,0.41975421465143015,0.46063417339021057
375,0.05066872751511777,0.2386404805032476,0.7106907919816347
376,0.04532786784153879,0.3870840289021139,0.5675881032563473
377,0.36883939000028587,0.40481658829889894,0.22634402170081525
378,0.04059786437295949,0.2064020573642756,0.7530000782627649
379,0.16707112439344507,0.41949490952594104,0.41343396608061395
380,0.2787591233123325,0.4749323231914353,0.2463085534962323
381,0.7417673096134749,0.2023633968055746,0.05586929358095087
382,0.4189781399766869,0.41807366784749816,0.16294819217581497
383,0.19288398758997638,0.3997695659530923,0.4073464464569314
384,0.16824639637944747,0.3633468911070278,0.46840671251352495
385,0.20525026135335006,0.5095349137724199,0.2852148248742301
386,0.20614888173312332,0.48088910497888326,0.31296201328799367
387,0.22409118918105922,0.5099881998736862,0.2659206109452551
388,0.32542491188315215,0.4693992205190998,0.20517586759774814
389,0.4600874747358964,0.3778754288061422,0.1620370964579613
390,0.10430995874134416,0.2514956859373446,0.6441943553213113
391,0.23005981718796029,0.40178719422772036,0.36815298858431933
392,0.24227468340592911,0.5421590414087049,0.21556627518536634
393,0.47452622631078833,0.38193012732545806,0.1435436463637537
394,0.7800994865210155,0.11867944738723504,0.10122106609174983
395,0.054886045576843526,0.29219451460986856,0.6529194398132881
396,0.26682591218760665,0.39508791964088225,0.33808616817151116
397,0.2627966658877412,0.4848034090514958,0.25239992506076325
398,0.41731860204747734,0.42321734510019227,0.15946405285233045
399,0.24075796421133994,0.4629596359657747,0.2962823998228854
400,0.11140736945818046,0.30944647539172976,0.5791461551500897
401,0.15267785008937124,0.3662060783600224,0.48111607155060643
402,0.2502390562598539,0.41391888344077354,0.33584206029937275
403,0.228183145937155,0.4449417884966915,0.32687506556615353
404,0.2823347034063689,0.3647761220914812,0.35288917450215007
405,0.029614602239667893,0.14243352245478483,0.8279518753055474
406,0.5641707827051883,0.2588762861681169,0.17695293112669513
407,0.26691789064066784,0.42389195053810286,0.30919015882122947
408,0.08799664623053534,0.30826645474463155,0.6037368990248333
409,0.16885919106659877,0.4457934026934912,0.38534740623991015
410,0.10783565635555104,0.4446066225319968,0.4475577211124523
411,0.007890011621220213,0.05243263809443598,0.9396773502843441
412,0.4186177168319463,0.38388637427580535,0.19749590889224825
413,0.24480718183788452,0.48864372362842534,0.26654909453369025
414,0.16568438070884692,0.3615777792213673,0.47273784006978603
415,0.06647156718736473,0.21346018898187777,0.720068243830758
416,0.1181102865511741,0.4534041095774245,0.42848560387140167
417,0.3002205458614123,0.37662682316151086,0.323152630977077
418,0.763342992763631,0.18373721126080556,0.052919795975563545
419,0.290320004084086,0.45107893114744674,0.25860106476846734
420,0.004065871418794966,0.03958540934888298,0.9563487192323219
421,0.3565382146094002,0.3945328685825059,0.248928916808094
422,0.29284124307702875,0.3829383308779245,0.32422042604504697
423,0.1945158780504616,0.23148077837796147,0.5740033435715772
424,0.16800612097513629,0.36482275788268337,0.46717112114218046
425,0.24827653391777943,0.5046220049364021,0.2471014611458187
426,0.06702122583019647,0.2675582082867984,0.6654205658830057
427,0.39284195367392166,0.2937422365215453,0.3134158098045331
428,0.2528120715137951,0.39841867996204494,0.3487692485241599
429,0.15074306571328802,0.42028775439488675,0.42896917989182537
430,0.07299028836304935,0.20544872551007964,0.7215609861268713
431,0.26035494556141764,0.45918423538944103,0.28046081904914155
432,0.20495082463398417,0.4940219200113577,0.3010272553546578
433,0.09420321177736,0.3581029397784316,0.5476938484442082
434,0.3194753526890312,0.4386411283393409,0.2418835189716278
435,0.3796826110428676,0.4700754548948952,0.15024193406223746
436,0.3490788152227163,0.38233806855236696,0.2685831162249168
437,0.2827324502189177,0.43124663378338174,0.2860209159977007
438,0.07156594489585219,0.40291294078196804,0.5255211143221798
439,0.09982188630939012,0.2681051449897412,0.6320729687008688
440,0.024641662007398937,0.1503320563338695,0.8250262816587315
441,0.2892922274493465,0.49342315451823,0.21728461803242355
442,0.38247785334159756,0.48999048069297507,0.12753166596542762
443,0.27007052403538595,0.4422524570943088,0.28767701887030517
444,0.0377371178492502,0.17027925479237865,0.7919836273583711
445,0.02132806282185053,0.10663476411177013,0.8720371730663796
446,0.16567543144473149,0.437470706416151,0.39685386213911744
447,0.3301697523513615,0.42948844579997997,0.24034180184865886
448,0.32626520203394616,0.46976153516647007,0.20397326279958433
449,0.017967796161210782,0.1570605909045238,0.8249716129342655
450,0.6815242352161742,0.18439168043137483,0.1340840843524514
451,0.11353316531644256,0.40467505298879825,0.4817917816947593
452,0.23261509798595364,0.4925033561761559,0.2748815458378907
453,0.3608517559361258,0.4834857754208919,0.15566246864298225
454,0.35797407281248395,0.3855898668736976,0.2564360603138186
455,0.09376062394614429,0.2733261766779317,0.6329131993759243
456,0.2048353616518912,0.36608602116073363,0.42907861718737533
457,0.28631463561710907,0.49808464172452177,0.21560072265836955
458,0.16960405543815352,0.3829150175289696,0.44748092703287695
459,0.2902020098120823,0.48166403189379,0.22813395829412783
460,0.4419702317054388,0.4002033902916839,0.1578263780028774
461,0.2624749760089774,0.5578110761432487,0.1797139478477742
462,0.30942826065427154,0.4700305083227706,0.22054123102295833
463,0.18407341495878746,0.3706765126981124,0.4452500723431002
464,0.1396764215828537,0.5276734660365913,0.3326501123805553
465,0.5042973535400816,0.27451775375373966,0.22118489270617886
466,0.5391397193840518,0.29265158325641794,0.16820869735953053
467,0.22786141744918859,0.4635730846554752,0.3085654978953362
468,0.4955581015687021,0.3439883409343296,0.1604535574969685
469,0.19162160108887943,0.5389467989884483,0.2694315999226726
470,0.0979240986186897,0.3193487968610219,0.5827271045202884
471,0.13464999942686723,0.3234840734510121,0.5418659271221211
472,0.04154326013144809,0.3327351505852828,0.625721589283269
473,0.6686474146133119,0.22775192166039004,0.10360066372629813
474,0.31733341408137167,0.42075136249089695,0.26191522342773144
475,0.32892965592823964,0.4373674781082003,0.23370286596356032
476,0.5036521490358397,0.39271773893948525,0.10363011202467505
477,0.08741923156114659,0.2850777894809853,0.6275029789578681
478,0.3601846366262903,0.44300585128813424,0.19680951208557565
479,0.1676247682659278,0.44497724526743754,0.38739798646663476
480,0.2576299393526703,0.41542583156441965,0.32694422908291026
481,0.12991015911241852,0.3283125893839015,0.5417772515036802
482,0.3128069776273213,0.43971684559585267,0.24747617677682623
483,0.16101032076550825,0.43374708063349593,0.40524259860099604
484,0.27206876534557234,0.3929780896622238,0.33495314499220413
485,0.24138340849585144,0.39875126254636795,0.3598653289577808
486,0.20426162085013838,0.4437441681305506,0.3519942110193112
487,0.6980534383224044,0.15793395379895742,0.1440126078786384
488,0.09919689302098307,0.47546471577778454,0.42533839120123257
489,0.14303091183016484,0.4818255486945879,0.37514353947524753
490,0.09003197972626267,0.3396792450197904,0.5702887752539467
491,0.1444819101840465,0.482083866357054,0.3734342234588994
492,0.11629159078471074,0.40957671986378924,0.4741316893515002
493,0.10426700081240967,0.374155398505585,0.5215776006820055
494,0.560248102732488,0.2641969211426324,0.17555497612487975
495,0.05100595071297783,0.20584276339740754,0.7431512858896148
496,0.7138599222834767,0.24310928962272368,0.0430307880937998
497,0.22379464271293997,0.5755259621859741,0.20067939510108604
498,0.253908674702286,0.22564679858035266,0.5204445267173615
499,0.09496148787267347,0.5731342011662647,0.3319043109610619
500,0.43566784502761885,0.41355683675410637,0.15077531821827495
501,0.053775431388760654,0.19494877199707678,0.7512757966141625
502,0.23266493525695453,0.4336662452096588,0.33366881953338673
503,0.26240884310308105,0.4486834939638518,0.2889076629330673
504,0.13250352357584821,0.5391655151089345,0.3283309613152174
505,0.30317403153795275,0.43299476504658657,0.26383120341546074
506,0.13802468098459864,0.3800982102885485,0.4818771087268531
507,0.30788842644020564,0.4111983530720987,0.2809132204876958
508,0.17914757011139668,0.41153415402806504,0.40931827586053826
509,0.46713609996906413,0.424836359622405,0.10802754040853109
510,0.09466647737652066,0.2713947413264191,0.6339387812970603
511,0.17548845750401482,0.4298494654703477,0.3946620770256376
512,0.4489039874939623,0.2953118328209024,0.2557841796851355
513,0.14901130770810306,0.4937526264069353,0.35723606588496215
514,0.01707243287282103,0.11361067550714235,0.8693168916200367
515,0.0804365411337219,0.2502160454475678,0.6693474134187104
516,0.04477369463980511,0.1459574230864433,0.8092688822737518
517,0.21477298022301178,0.4408722368320984,0.3443547829448902
518,0.29916549583888774,0.43547507270566205,0.2653594314554505
519,0.264696619413999,0.41969358071532914,0.315609799870672
520,0.17357855383892606,0.5569520467702104,0.26946939939086406
521,0.2970197948960111,0.44455536867367673,0.2584248364303122
522,0.05011997009966621,0.17214155231481024,0.7777384775855238
523,0.14612049808080832,0.6307156956870299,0.22316380623216206
524,0.1510827867321806,0.5089056203118523,0.3400115929559673
525,0.21911613812513053,0.43969443217984916,0.3411894296950205
526,0.3321670068517367,0.4300177564356872,0.23781523671257623
527,0.12733970941161843,0.5497171384185803,0.32294315216980146
528,0.5050585020023646,0.3634800412629229,0.13146145673471266
529,0.396598534536297,0.42269451324330864,0.18070695222039473
530,0.1907105130145757,0.3279594836387021,0.4813300033467224
531,0.20265792237355265,0.4629439649620033,0.3343981126644443
532,0.34288734941923893,0.2948039322805947,0.3623087183001666
533,0.1590814750466082,0.5047057605653742,0.33621276438801784
534,0.11357357190413583,0.4585973357399299,0.42782909235593447
535,0.1737594557683016,0.582603811717293,0.24363673251440554
536,0.31414043342030645,0.5010299132940008,0.18482965328569262
537,0.16537929563705214,0.47654482292496636,0.3580758814379816
538,0.34286993522135845,0.39029881013908607,0.26683125463955576
539,0.21124514064481578,0.3685018605837682,0.420252998771416
540,0.15103987003015976,0.31376118009412945,0.535198949875711
541,0.09859204894271509,0.3983904925337117,0.5030174585235734
542,0.21455378030460243,0.5246036912733872,0.26084252842201056
543,0.39190128690497417,0.43911728499454233,0.16898142810048383
544,0.13608272402942184,0.49096356874989,0.3729537072206882
545,0.21271579730877138,0.44695596358554945,0.34032823910567905
546,0.6410388521661221,0.25243214036589817,0.10652900746797977
547,0.81911605388921,0.13530100003679355,0.04558294607399667
548,0.3199544733089511,0.33917529573316385,0.3408702309578853
549,0.23485523914173032,0.5393510584097206,0.22579370244854916
550,0.303753343121581,0.5188220397013226,0.17742461717709687
551,0.23743424021922319,0.5642330446673288,0.19833271511344844
552,0.4680525412818034,0.4068824249775774,0.12506503374061947
553,0.2594440721280917,0.5160532243689556,0.22450270350295284
554,0.0807998723732725,0.3112082661858814,0.6079918614408462
555,0.35139400066518023,0.4569869066362311,0.19161909269858893
556,0.24371000208604915,0.38433605286467687,0.37195394504927415
557,0.29918657309239804,0.345107242608753,0.35570618429884926
558,0.00878585429975574,0.12066971408552156,0.870544431614723
559,0.30483545462736183,0.5289701908251836,0.16619435454745465
560,0.18318417625228328,0.4407879091069932,0.3760279146407234
561,0.4638086155614654,0.3456262566803031,0.1905651277582317
562,0.027600527506028493,0.1245624682001291,0.8478370042938426
563,0.18432667919085466,0.4556982585999389,0.3599750622092064
564,0.7373345457682191,0.15224998133409232,0.11041547289768876
565,0.31803520616001746,0.4588507534552423,0.2231140403847407
566,0.18431681800752936,0.6411644063959312,0.17451877559653992
567,0.14970779914950655,0.5714735113537419,0.2788186894967517
568,0.15398736454183512,0.38114536167132385,0.4648672737868411
569,0.04951968428717589,0.25133819621096315,0.6991421195018612
570,0.0037343107656017706,0.054486697165537314,0.9417789920688611
571,0.1619681272817039,0.5587090905649943,0.27932278215330214
572,0.2349463439418671,0.5908299125590514,0.1742237434990817
573,0.20533501241687208,0.3642419164484322,0.43042307113469613
574,0.20629884404124071,0.620838647182241,0.17286250877651851
575,0.10006049497984115,0.47087655652110616,0.4290629484990525
576,0.220134936021606,0.471827755460904,0.30803730851749006
577,0.2850074934707377,0.40813571552031397,0.3068567910089485
578,0.0633401188433527,0.30392398001057874,0.6327359011460687
579,0.031324822400174396,0.2455595767027547,0.7231156008970709
580,0.043803715427353146,0.24230138250048566,0.7138949020721613
581,0.03468194282393512,0.20544647129073618,0.759871585885329
582,0.4144228160712836,0.42134248912872485,0.1642346947999917
583,0.3361389148858582,0.4738033006477208,0.1900577844664213
584,0.0861234645422045,0.2573491448886742,0.6565273905691212
585,0.42447586275537474,0.3801756375623203,0.19534849968230528
586,0.6432020751722907,0.2904261848193143,0.06637174000839546
587,0.013825206582707144,0.07571035279529276,0.9104644406220004
588,0.49605389440728664,0.39853510104233403,0.10541100455037944
589,0.011961631541915773,0.10232109035106633,0.8857172781070182
590,0.2056474627353956,0.42370943963857827,0.3706430976260263
591,0.2815194479508337,0.4002016982266895,0.3182788538224769
592,0.4749003053163813,0.37310812940549754,0.15199156527812127
593,0.033798129865257445,0.1616645423545632,0.8045373277801795
594,0.4692066319031256,0.3818624214280587,0.1489309466688163
595,0.27656762575761323,0.44134638105022905,0.2820859931921579
596,0.24157194239299531,0.46163218191764993,0.2967958756893549
597,0.37138026238377875,0.4041270811600766,0.22449265645614477
598,0.22718921968045916,0.4774999377794236,0.2953108425401173
599,0.2936686271635048,0.4630641945252232,0.24326717831127215
600,0.08608495512674717,0.2574718313775501,0.656443213495703
601,0.33709274450660875,0.4884199352012753,0.1744873202921162
602,0.0015885340260545764,0.025427438825149334,0.9729840271487962
603,0.21186963574333242,0.36015934615051115,0.42797101810615645
604,0.22996524382284939,0.45313018320692705,0.31690457297022345
605,0.007369923432979859,0.057017533925586686,0.9356125426414336
606,0.5284437242174742,0.3114487396909019,0.16010753609162426
607,0.07753157273134306,0.4387699080795381,0.4836985191891189
608,0.11933366710846574,0.3869920327015499,0.49367430018998454
609,0.05332084647370146,0.17517595141180975,0.7715032021144892
610,0.3768240113123077,0.4276979698933644,0.19547801879432797
611,0.42443971469623226,0.4538021656148571,0.12175811968891088
612,0.03266998427238349,0.1964378219016695,0.7708921938259474
613,0.16361180386759822,0.40192896186822596,0.4344592342641758
614,0.18620686756014457,0.37831973984929573,0.4354733925905598
615,0.24101967848416406,0.31317461129218405,0.44580571022365206
616,0.13815762314623195,0.5251077006018808,0.3367346762518874
617,0.0634892382872828,0.25971453285310514,0.6767962288596119
618,0.3550393567221331,0.40876138071483226,0.23619926256303497
619,0.12493085917924021,0.37534549917314974,0.49972364164761035
620,0.2888221034125575,0.5026838693814237,0.20849402720601903
621,0.31937938303732416,0.43894822386953525,0.24167239309314067
622,0.048497456711170187,0.2042264223017117,0.7472761209871182
623,0.5051159124639298,0.37423660845250395,0.1206474790835665
624,0.05419824173953738,0.2652716282034043,0.6805301300570583
625,0.13761955138906007,0.6272087759226359,0.23517167268830458
626,0.20931897843193217,0.4811371623013465,0.3095438592667217
627,0.3194900590448507,0.3691227709766633,0.3113871699784861
628,0.76245948417602,0.17995119896308104,0.0575893168608992
629,0.2363134656153604,0.4714410594913219,0.2922454748933179
630,0.2505004762974704,0.48914316332427,0.26035636037825977
631,0.2736901521076732,0.3605208711112691,0.36578897678105804
632,0.34841694201025286,0.4111535902343241,0.2404294677554232
633,0.3478428151043416,0.467145166719004,0.18501201817665452
634,0.31002211284076786,0.5075985760902737,0.18237931106895855
635,0.27563747914209796,0.5671095744307626,0.15725294642713963
636,0.2132191229956863,0.45772372826134944,0.3290571487429643
637,0.16341128552818013,0.4456083559902386,0.39098035848158147
638,0.2835376635622123,0.48781450306727275,0.22864783337051536
639,0.028334896321512214,0.14025723290829178,0.8314078707701962
640,0.02696808558782427,0.18773549641117937,0.7852964180009966
641,0.11518106895328939,0.49702490205623595,0.3877940289904748
642,0.3019688882286549,0.5018799771383053,0.19615113463304
