ID,high,medium,low
1,0.5731087623765035,0.39695757255457526,0.02993366506892126
2,0.12444772330228597,0.5750066564447485,0.30054562025296544
3,0.0026458630558073063,0.13858030916741157,0.858773827776781
4,0.3541153601035841,0.5977986219292308,0.048086017967185014
5,0.0013070682708824645,0.3893779299784973,0.6093150017506203
6,0.0027749549398604426,0.029574878934544264,0.9676501661255952
7,0.08181603196913817,0.5049895637970634,0.4131944042337985
8,0.350690778641015,0.45455076708809466,0.1947584542708904
9,0.1545983899360871,0.31144380733723515,0.5339578027266778
10,0.04487609648392194,0.12580452235697515,0.8293193811591029
11,0.15899979891683966,0.7449160843199636,0.09608411676319677
12,0.23666198155731233,0.5471765387563807,0.21616147968630692
13,0.002721116628213347,0.4001029975289614,0.5971758858428253
14,0.07634356876457546,0.6105578511901463,0.3130985800452783
15,0.08143657605847117,0.3331003742538709,0.585463049687658
16,0.07510533476672278,0.39121172445232993,0.5336829407809471
17,0.004583094238468299,0.1622993720401962,0.8331175337213353
18,0.06846002449323105,0.20717730146649932,0.7243626740402697
19,0.8588411441075979,0.11973292166750904,0.021425934224893077
20,0.4541221010767231,0.3789917174828011,0.16688618144047587
21,0.11921245475658196,0.3483131604271835,0.5324743848162345
22,0.0017846713460677312,0.0279295594263265,0.970285769227606
23,0.28109427316619745,0.48750601251552367,0.23139971431827877
24,0.16896263762325514,0.7041925563691211,0.1268448060076237
25,0.09275290023213786,0.7814447683211317,0.1258023314467303
26,0.007644842313583273,0.4117644256550521,0.5805907320313647
27,0.1048087373260655,0.5924002785967047,0.3027909840772298
28,0.8361312808471038,0.14483420296776134,0.019034516185134943
29,0.015016583569652827,0.5706665712596737,0.41431684517067346
30,0.1825431338890289,0.61292479960589,0.20453206650508116
31,0.25241719248620853,0.23927966421910263,0.508303143294689
32,0.5011390072163111,0.48463761347388307,0.014223379309805767
33,0.0038832938632512265,0.13756549379520364,0.8585512123415452
34,0.015486545872623755,0.3252078731755249,0.6593055809518514
35,0.03691095023954951,0.49308275443650434,0.47000629532394606
36,0.003509969614858152,0.07997154145303105,0.9165184889321107
37,0.09065190647174981,0.42147138691127506,0.4878767066169752
38,0.0537814832380531,0.4546189370544249,0.491599579707522
39,0.22424949968492577,0.7066640653092094,0.06908643500586484
40,0.5686546651434241,0.40709617769779044,0.024249157158785502
41,0.10380877717519281,0.42806162386864394,0.4681295989561633
42,0.47473162358989757,0.43821300836469174,0.08705536804541059
43,0.007833219402886593,0.07044450269581015,0.9217222779013032
44,0.014244590146567954,0.5092577942263938,0.47649761562703813
45,0.012872699200501565,0.22627123279672906,0.7608560680027694
46,0.32696772309584204,0.6547071731696589,0.01832510373449905
47,0.0862030191436255,0.5528648908236934,0.3609320900326811
48,0.079915489537104,0.3239326340094374,0.5961518764534586
49,0.06941251743192774,0.5219461645317379,0.4086413180363343
50,0.5357845084344581,0.3342665842926819,0.12994890727285988
51,0.6501627645540939,0.33121108657099274,0.01862614887491325
52,0.9436347385612791,0.04879189070729491,0.007573370731425983
53,0.2394863648931742,0.3381208591468189,0.42239277596000685
54,0.6691859604906669,0.3045214618484544,0.026292577660878648
55,0.0031710744861284655,0.1214970366324445,0.875331888881427
56,0.12034695529995575,0.5413369941741537,0.3383160505258906
57,0.41391842761532294,0.32585748780743534,0.2602240845772417
58,0.0017204669435466745,0.02539109061650825,0.9728884424399451
59,0.35419454337542977,0.6296611356761679,0.016144320948402426
60,0.04767723339916317,0.2997141540955474,0.6526086125052895
61,0.019727110971907495,0.32207940125625095,0.6581934877718415
62,0.07207689785376956,0.7438514629356093,0.18407163921062114
63,0.3059049985211193,0.5553929365662574,0.13870206491262313
64,0.06300570469446284,0.4576094053777249,0.4793848899278123
65,0.4269799041755882,0.5003445447679173,0.0726755510564944
66,0.6435637294352687,0.304052333817722,0.05238393674700922
67,0.02825842512923883,0.19150605139355795,0.7802355234772032
68,0.12309134418652688,0.6977388531562935,0.17916980265717963
69,0.22531994920263815,0.7413900795702556,0.03328997122710624
70,0.004191139862095184,0.2971795046592935,0.6986293554786114
71,0.11918403346294272,0.6166242876728285,0.2641916788642288
72,0.34197886079578355,0.4670205832881254,0.19100055591609116
73,0.7501850419571968,0.23148290464526147,0.018332053397541757
74,0.10283517994639725,0.7450666681420749,0.1520981519115278
75,0.04982028714755841,0.5350565350595179,0.4151231777929236
76,0.10824908634184054,0.8801760318177687,0.011574881840390638
77,0.0031862668857771995,0.16022703602083307,0.8365866970933897
78,0.13065151696653454,0.4353689833813777,0.43397949965208776
79,0.24954488014962845,0.5604357086718424,0.19001941117852916
80,0.24331789254708053,0.5316077801330743,0.2250743273198451
81,0.0010514688312411166,0.005894855725191031,0.9930536754435678
82,0.12409743152895389,0.6615385187486507,0.21436404972239556
83,0.0007989894443367204,0.03307053566431394,0.9661304748913494
84,0.14853094674412917,0.4680495358713115,0.3834195173845593
85,0.04417110850144889,0.5342799034441273,0.4215489880544237
86,0.26360963184566355,0.21907152574419406,0.5173188424101424
87,0.023963477660666747,0.07955965052068535,0.8964768718186479
88,0.3560513913814503,0.4755263038865274,0.16842230473202244
89,0.005518540007130625,0.13529199432293304,0.8591894656699364
90,0.32265966627592174,0.5626220589534197,0.11471827477065864
91,0.0002770296972092689,0.0259995819359748,0.9737233883668159
92,0.297923225464819,0.5023257443069004,0.19975103022828072
93,0.9468364862997956,0.03798718747204803,0.01517632622815636
94,0.14523668121434036,0.3813506100578848,0.47341270872777486
95,0.6919764750838295,0.2801070954944798,0.027916429421690554
96,0.035580904072461186,0.4846610533398701,0.47975804258766874
97,0.5969852486688512,0.35145855011732025,0.0515562012138286
98,0.02832201378243084,0.43818859202911226,0.5334893941884569
99,0.10205088303813356,0.4088344314276618,0.4891146855342046
100,0.3613371959462161,0.5196361651913365,0.11902663886244734
101,0.02559520448291491,0.4354429444711548,0.5389618510459303
102,0.2543714850060469,0.6095991051260734,0.13602940986787973
103,0.2760295025446816,0.5312683323373283,0.19270216511799013
104,0.43890030922703677,0.4762280858546005,0.08487160491836274
105,0.6347406968560303,0.34122517656666973,0.02403412657729999
106,0.6317880211451298,0.26148390370809255,0.10672807514677762
107,0.4077250743542135,0.27699955429520057,0.315275371350586
108,0.3805495783453259,0.4783234907904105,0.1411269308642635
109,0.0498682516968735,0.24827476219916655,0.70185698610396
110,0.2446043608935016,0.48857698221464113,0.26681865689185724
111,0.004926271119782707,0.13417846211674528,0.860895266763472
112,0.004703721348092575,0.5097595951029649,0.4855366835489425
113,0.033491977778564504,0.3016615724986886,0.6648464497227469
114,0.33615004472586607,0.4533749787563062,0.21047497651782762
115,0.7125566343477173,0.27538927297016447,0.012054092682118319
116,0.3301660258432426,0.39463618534472134,0.2751977888120361
117,0.0009501710765720414,0.08293918187556022,0.9161106470478677
118,0.14886266264928244,0.5427316690860706,0.30840566826464694
119,0.2711562439116034,0.5463695511193704,0.18247420496902617
120,0.40260848103275776,0.541982969892237,0.05540854907500519
121,0.08278402493490049,0.5261797084813644,0.39103626658373514
122,0.00046536897450599713,0.007852599808441305,0.9916820312170527
123,0.0026096718579786305,0.061724375709913286,0.9356659524321082
124,0.07509260167252843,0.31841237450249665,0.6064950238249748
125,0.01022255637400565,0.3105622578386016,0.6792151857873928
126,0.11909456214899915,0.6915094686756343,0.18939596917536647
127,0.19323607191172557,0.590607335568251,0.21615659252002353
128,0.570662296854966,0.36017457841128037,0.06916312473375365
129,0.07060042861942596,0.37495967453080775,0.5544398968497664
130,0.00019617404461042147,0.005956956513814406,0.9938468694415752
131,0.48442955202786514,0.4348964478606541,0.08067400011148065
132,0.14020595446896097,0.5365835609361952,0.3232104845948438
133,0.5512743194968974,0.4006852243526122,0.04804045615049031
134,0.24405135146144147,0.5915247976820257,0.16442385085653283
135,0.014778928008385452,0.32702919146639875,0.6581918805252158
136,0.060503237857586385,0.42337154146098877,0.5161252206814249
137,0.2548002536331737,0.5994334285316424,0.14576631783518398
138,0.34185923306077326,0.5366796232686515,0.1214611436705753
139,0.44302687246081285,0.434499414166574,0.12247371337261306
140,0.3744698920490051,0.35854303849700525,0.26698706945398976
141,0.000390498661081074,0.005257542629533347,0.9943519587093855
142,0.20802683067500358,0.4643160489736589,0.3276571203513375
143,0.6580409045577761,0.23572630809159387,0.10623278735063013
144,0.0032737979476904423,0.04817977943435993,0.9485464226179497
145,0.05890460857501646,0.3923787371108706,0.5487166543141129
146,0.09539550365411589,0.3992670105893903,0.505337485756494
147,0.015531104515479193,0.08718652736439549,0.8972823681201253
148,0.029972141588752516,0.14475525625829933,0.8252726021529483
149,0.06053106514196796,0.28564868142843575,0.6538202534295964
150,0.00020674203267516714,0.0056717513584876545,0.9941215066088371
151,0.08230591493647885,0.15585340960265448,0.7618406754608666
152,0.11582003699397678,0.5268015432118868,0.3573784197941365
153,0.045373800014132,0.42875244979866317,0.5258737501872047
154,0.09703042984816207,0.34054388472055325,0.5624256854312847
155,0.006486719486726526,0.07385788847269253,0.9196553920405809
156,0.3216952101896563,0.5594597882125838,0.11884500159775996
157,0.011011299999733576,0.4691184834029288,0.5198702165973377
158,0.01952432979187333,0.3137496276657903,0.6667260425423365
159,0.4266050544548878,0.4778438418854724,0.0955511036596398
160,0.54478227236036,0.4422057810045287,0.013011946635111257
161,0.5291404111435414,0.38173217576432117,0.0891274130921374
162,0.13854877389449027,0.637042934954741,0.2244082911507687
163,0.0020503544720986205,0.31033003787108776,0.6876196076568136
164,0.4739172519720363,0.49971830922530364,0.026364438802659894
165,0.7906067457224569,0.18606461056076712,0.023328643716775854
166,0.46377125711423955,0.4273020209937388,0.10892672189202164
167,0.02569270045151335,0.8936004689481397,0.08070683060034695
168,0.043262807823871534,0.7476979386660383,0.20903925351009023
169,0.3961918324344656,0.5858621461728325,0.01794602139270189
170,0.6000457744649778,0.35333413089772986,0.04662009463729234
171,0.003988431877291721,0.03239327083725163,0.9636182972854567
172,0.37491082218045413,0.6067165512356477,0.0183726265838982
173,0.00023596973839909975,0.015336082680662843,0.9844279475809379
174,0.2237711540179921,0.42522274339168514,0.35100610259032267
175,0.015156437668137755,0.7735374481404437,0.2113061141914186
176,0.0021895301926300654,0.11440382824911922,0.8834066415582507
177,0.12076087688648916,0.412789674017926,0.46644944909558483
178,0.06199581027693357,0.043929241235729374,0.894074948487337
179,0.004244766421115755,0.18136266486439392,0.8143925687144904
180,0.02427348551602324,0.1606779373501733,0.8150485771338035
181,0.04884453033559927,0.5655467376693937,0.385608731995007
182,0.082378211210136,0.39476524558655735,0.5228565432033067
183,0.2725792522286223,0.5724185422974015,0.15500220547397622
184,0.06534825969066697,0.5667156990682631,0.3679360412410699
185,0.00017788342016765467,0.0071741307540531835,0.9926479858257792
186,0.17419669370305624,0.5461937532620722,0.2796095530348715
187,0.010005226103714012,0.08860317348890571,0.9013916004073803
188,0.1625132473694019,0.6004125970689647,0.23707415556163342
189,0.12511634450939574,0.4375568530505247,0.4373268024400795
190,0.08362405742511847,0.5585898468512481,0.3577860957236334
191,0.17266024274135716,0.5457165173462352,0.2816232399124077
192,0.0071999582596454,0.24737507702374778,0.7454249647166069
193,0.5011390072163111,0.48463761347388307,0.014223379309805767
194,0.7482633940836079,0.24351354705361497,0.008223058862777086
195,0.0006906069168282799,0.18849198911007772,0.8108174039730939
196,0.3456858583700478,0.5281787143179779,0.12613542731197433
197,0.02835420934464018,0.4708586426625426,0.5007871479928173
198,0.34543105653399303,0.6434666180494858,0.011102325416521197
199,0.023152956919360916,0.8273578155776801,0.14948922750295898
200,0.008884582887948305,0.4187394770745172,0.5723759400375346
201,0.11890074023425345,0.5551854252094932,0.3259138345562534
202,0.006628325796837299,0.1265484287923421,0.8668232454108207
203,0.002709422076867949,0.16457169907105018,0.8327188788520818
204,0.05901601996176485,0.21734919035461417,0.723634789683621
205,0.008090444008160577,0.0659909823840347,0.9259185736078047
206,0.016009247469709362,0.3127668731682343,0.6712238793620563
207,0.0039331048807096595,0.07607783123378586,0.9199890638855045
208,0.198925243144024,0.49080250927925406,0.3102722475767221
209,0.20048697985953953,0.78556396629602,0.013949053844440416
210,0.17656871073134878,0.7122414518051425,0.11118983746350856
211,0.3802890138955182,0.3889136406505813,0.2307973454539004
212,0.0008043454216060695,0.06057641063824149,0.9386192439401524
213,0.32696772309584204,0.6547071731696589,0.01832510373449905
214,0.02129527355408479,0.03689293588362721,0.9418117905622881
215,0.0036946726542796703,0.1594787999386552,0.8368265274070651
216,0.21925774989880512,0.7220236251120962,0.058718624989098744
217,0.05882916047670593,0.26170752177851203,0.679463317744782
218,0.3111013341345786,0.5745791857213275,0.11431948014409385
219,0.2366224073683982,0.6631694673192982,0.10020812531230362
220,0.11577889098776122,0.21577968131868203,0.6684414276935567
221,0.40055169442899846,0.4916086546890021,0.10783965088199944
222,0.003531381818388902,0.11337913915157663,0.8830894790300345
223,0.10289160230057613,0.5851413335700719,0.3119670641293519
224,0.003996458428406507,0.11872330000508467,0.8772802415665089
225,0.18181668147108693,0.5812355563869591,0.23694776214195404
226,0.000896106549820332,0.11433252574015695,0.8847713677100228
227,0.5990546254829816,0.35998736219801275,0.04095801231900572
228,0.14890683214164685,0.6521201901997328,0.19897297765862032
229,0.04801539617881699,0.5549560585413827,0.39702854527980025
230,0.04717270177852064,0.25542548731838277,0.6974018109030965
231,0.005724209571491148,0.2819112908255153,0.7123644996029936
232,0.5749841882304698,0.3832233809173092,0.04179243085222111
233,0.03661494455701555,0.21243658694099501,0.7509484685019896
234,0.08053186235671245,0.763621901882964,0.15584623576032366
235,0.29201692940467544,0.45353575463948526,0.25444731595583936
236,0.6031110409093455,0.3797195120043277,0.01716944708632674
237,0.4681066141102739,0.49061587871191475,0.04127750717781123
238,0.3434648575148887,0.4928540996029077,0.16368104288220353
239,0.0014097661426996267,0.0825046636063426,0.9160855702509577
240,0.3817727407180256,0.544855102861521,0.0733721564204534
241,0.6013956077049165,0.32268121332345057,0.07592317897163284
242,0.022943442318776378,0.259006830904432,0.7180497267767917
243,0.12146349999214168,0.3574063611088206,0.5211301388990377
244,0.2560183553552024,0.4236614744024769,0.32032017024232073
245,0.0789918983192692,0.5448155859854327,0.3761925156952981
246,0.23616725499966235,0.40917353482286245,0.35465921017747526
247,0.6720599770106511,0.2836695658436875,0.04427045714566136
248,0.15750523931287627,0.3945565631929033,0.4479381974942204
249,0.0047625007700332084,0.15807657859142543,0.8371609206385414
250,0.3315804010115847,0.5257191108643575,0.14270048812405783
251,0.015645533609852273,0.12990116442088304,0.8544533019692647
252,0.376479819393534,0.5908328076304689,0.0326873729759971
253,0.02246232266795106,0.16817926098536312,0.8093584163466857
254,0.06048452306352042,0.2614942436851549,0.6780212332513247
255,0.2110017832327045,0.5251340950269174,0.2638641217403781
256,0.7832707143856915,0.16579083542315617,0.050938450191152396
257,0.027506493308502404,0.42348893670972015,0.5490045699817774
258,0.29398033915239363,0.27285258139521,0.4331670794523963
259,0.6999668371845708,0.2906547744092668,0.009378388406162444
260,0.649029023318677,0.31152245527125016,0.03944852141007284
261,0.10352069594182618,0.16235651539331789,0.7341227886648558
262,0.002389251910921457,0.09804867287771461,0.899562075211364
263,0.07404625629261143,0.765741956045286,0.16021178766210248
264,0.08650920635664776,0.603012134364423,0.3104786592789292
265,0.4123768111774404,0.5257269338428263,0.061896254979733265
266,0.28461611458244274,0.4686265889279798,0.24675729648957742
267,0.23310828153364818,0.5514404054625284,0.21545131300382345
268,0.00019476789160956077,0.017945698280048536,0.981859533828342
269,0.10110600669828014,0.5413276311636116,0.3575663621381083
270,0.1814509098884828,0.5676329594434671,0.25091613066805
271,0.4606642573298652,0.36015302475975236,0.17918271791038237
272,0.00349807522908081,0.29380216543906634,0.7026997593318529
273,0.08132143007666748,0.8404335893339099,0.07824498058942256
274,0.00031154879044014187,0.006460925626947026,0.9932275255826128
275,0.14374545685324486,0.6531479555408466,0.20310658760590847
276,0.6767478959621728,0.2625080141062544,0.06074408993157284
277,0.7146765157696934,0.2768178341418419,0.008505650088464718
278,0.04899464674410169,0.5995104042592441,0.35149494899665423
279,0.047856031936231794,0.20928093619108645,0.7428630318726818
280,0.10581450151624792,0.6906974121250361,0.20348808635871596
281,0.10551601656427491,0.39167933478554146,0.5028046486501837
282,0.0004034980959551278,0.042962754836031986,0.956633747068013
283,0.0754243152838505,0.41763390238004816,0.5069417823361013
284,0.41779081932076784,0.41851187261849637,0.16369730806073593
285,0.20252887604787193,0.5933531254825406,0.2041179984695875
286,0.00033676040200782283,0.04724428480223483,0.9524189547957572
287,0.0012969969989362253,0.009605342197973668,0.98909766080309
288,0.29211431225454837,0.5421864636775723,0.1656992240678794
289,0.017752535513691645,0.450977683638527,0.5312697808477814
290,0.04438987390395078,0.2441331316940036,0.7114769944020456
291,0.7356320155561171,0.2157230807953646,0.04864490364851837
292,0.11281703978297879,0.6690568584622036,0.21812610175481756
293,0.07364615729499933,0.31690894068413955,0.6094449020208611
294,0.02841029546676787,0.8921012079816728,0.07948849655155937
295,0.35073812149993544,0.5096420689231917,0.1396198095768729
296,0.09860084895508403,0.5485535544745325,0.35284559657038345
297,0.009921323407355253,0.4710539492398953,0.5190247273527494
298,0.0024517648846317775,0.09883064383218125,0.898717591283187
299,0.0024804227542697724,0.06717743257245626,0.9303421446732739
300,0.08319489222215759,0.47552225662994035,0.44128285114790206
301,0.0022446861564450896,0.054671847050055546,0.9430834667934994
302,0.022576642116708023,0.33636746789852195,0.64105588998477
303,0.09306233683205414,0.4669650451769265,0.43997261799101933
304,0.007246343697075244,0.31319723745991285,0.6795564188430119
305,0.6405203748765824,0.30969180186618167,0.04978782325723587
306,0.014827622519630023,0.23896998018605,0.7462023972943199
307,0.012967007948876176,0.7132782926223935,0.2737546994287303
308,0.023589240168889553,0.00524248210578436,0.9711682777253261
309,0.4938472092357615,0.4905941723546884,0.015558618409550135
310,0.5876357765644773,0.38393368573525166,0.028430537700271163
311,0.6124625268738809,0.36827951481419524,0.01925795831192379
312,0.5939956143180513,0.3851172721052026,0.02088711357674624
313,0.30508392845531224,0.3467806369371741,0.3481354346075137
314,0.011769239440160558,0.23026009782431525,0.7579706627355243
315,0.02681632565703465,0.5815430974882526,0.39164057685471276
316,0.19584530357608593,0.4155494630633433,0.38860523336057085
317,0.3918155702370158,0.5132112049858527,0.0949732247771316
318,0.00027938517342884376,0.025199562059474274,0.974521052767097
319,0.01997303634460383,0.18906954891124117,0.7909574147441549
320,0.5564182775330977,0.3619055118272312,0.08167621063967101
321,0.0006566224660704513,0.032160522450165686,0.9671828550837639
322,0.5596437166942209,0.43437838909526955,0.005977894210509614
323,0.39645554746137607,0.40939031182954416,0.19415414070907983
324,0.006177886976282506,0.22351365811196017,0.7703084549117574
325,0.3217178328202665,0.5381531164456314,0.14012905073410206
326,0.134751283977123,0.6073689367681765,0.2578797792547006
327,0.030516310467845024,0.6717463064089036,0.2977373831232514
328,0.07870299309911265,0.4271580869662873,0.4941389199346
329,0.40771480450698977,0.4865077334720821,0.1057774620209281
330,0.016099911592184966,0.6846990365862101,0.299201051821605
331,0.6660470308867577,0.3265548131111497,0.007398156002092691
332,0.14778906709790882,0.41569053473877154,0.43652039816331967
333,0.415812868137553,0.5451538062330625,0.0390333256293845
334,0.15017909323460807,0.5077256939497166,0.3420952128156754
335,0.49227912219279363,0.39374472237789065,0.11397615542931584
336,0.0018032287505662101,0.1284437997767178,0.8697529714727159
337,0.6061838585421561,0.30109042864258445,0.09272571281525945
338,0.3542436755475864,0.37077260011677743,0.27498372433563617
339,0.04846490621082813,0.3089150271122777,0.6426200666768941
340,0.0726637583142439,0.5945122783735437,0.3328239633122123
341,0.4200472157973174,0.5381258454834335,0.04182693871924915
342,0.36757968777433997,0.5709747235147199,0.06144558871094019
343,0.12280240900876178,0.6914474494041654,0.1857501415870728
344,0.12550301155154747,0.5631689931627843,0.3113279952856682
345,0.45370849092510146,0.4310831370921867,0.11520837198271167
346,0.010088460960093706,0.14451825086314907,0.8453932881767571
347,0.0846056937886993,0.2714567051625882,0.6439376010487126
348,0.0013594376408612126,0.06352205469465522,0.9351185076644835
349,0.45877543117864883,0.43582214124071084,0.10540242758064029
350,0.08259646877080545,0.7290285471112435,0.188374984117951
351,0.0633143105589458,0.43040152401906495,0.5062841654219893
352,0.6236455228368138,0.3678804762250869,0.008474000938099328
353,0.07480060374501561,0.389777335568721,0.5354220606862635
354,0.5161269190447307,0.4645678670174262,0.019305213937843034
355,0.03485062099433284,0.33889573818581786,0.6262536408198492
356,0.027079530124986748,0.4244600471856697,0.5484604226893435
357,0.4174723648638583,0.4176299851409303,0.16489764999521125
358,0.11034179407785126,0.34909810604625197,0.5405600998758968
359,0.06372917064700923,0.4974314572438252,0.43883937210916557
360,0.49302380399515855,0.4189278360536044,0.08804835995123714
361,0.06952127537836436,0.6690767566237297,0.2614019679979059
362,0.2000503556191416,0.6027166678295064,0.19723297655135197
363,0.32845157311664713,0.5114078553580045,0.16014057152534839
364,0.03141152764304019,0.4215664972899343,0.5470219750670255
365,0.15856213061644173,0.605833490049787,0.23560437933377132
366,0.2721625805341189,0.3836679636799973,0.34416945578588387
367,0.34888854954298537,0.5371912929102576,0.11392015754675709
368,0.03092401353358263,0.2822202977383008,0.6868556887281165
369,0.0024717231545533366,0.015648221556683287,0.9818800552887634
370,0.027042476045399527,0.26199471332195234,0.7109628106326481
371,0.7451288448288342,0.22818408654141487,0.026687068629750878
372,0.36237052262760544,0.46786430115936384,0.16976517621303064
373,0.3091840664852956,0.39948452446294497,0.29133140905175936
374,0.014595988695506348,0.20482879856737238,0.7805752127371213
375,0.035200755365973654,0.21893415478596898,0.7458650898480572
376,0.027052962281495275,0.6491055401572554,0.3238414975612494
377,0.40684391440965045,0.5146759643850047,0.07848012120534484
378,0.003005771984571079,0.2826825145174596,0.7143117134979693
379,0.010637865779567383,0.40512433963563,0.5842377945848026
380,0.16395538715105756,0.8114451978940237,0.024599414954918755
381,0.8173358587246105,0.07603175560231332,0.10663238567307635
382,0.3380169782757417,0.5664695159661576,0.09551350575810076
383,0.1113812101538214,0.6023096305576415,0.2863091592885372
384,0.05903092983633862,0.26128684883875736,0.6796822213249041
385,0.1527805619476216,0.40469267708694556,0.4425267609654328
386,0.13225727648990626,0.7448038594874175,0.12293886402267619
387,0.2750700407781827,0.25430204464999795,0.47062791457181924
388,0.7915961156345817,0.15297385216444653,0.05543003220097168
389,0.8050743565311561,0.1629455288825187,0.03198011458632528
390,0.056621420655415165,0.36163112907659906,0.5817474502679859
391,0.08187235860654818,0.46101933858665745,0.45710830280679426
392,0.2575761397451654,0.48169487266545796,0.2607289875893766
393,0.5301197487404267,0.42862591103778735,0.04125434022178602
394,0.9336044954722564,0.06020472316022867,0.006190781367514882
395,0.002069094853203973,0.13760425428281373,0.8603266508639824
396,0.3027415118994314,0.6732368272139103,0.024021660886658337
397,0.14504134900383786,0.6725762427172138,0.18238240827894833
398,0.762260366565615,0.20736294315254508,0.03037669028183993
399,0.13657638856648013,0.4308063478211205,0.4326172636123994
400,0.006209150136791964,0.05889335643565753,0.9348974934275505
401,0.4633525394399448,0.45344509532068455,0.08320236523937069
402,0.1026241040760228,0.6504839430757942,0.24689195284818302
403,0.051990765467410494,0.550546496866973,0.3974627376656165
404,0.3098164741763622,0.5493162302427451,0.14086729558089264
405,0.003055279436915157,0.023561547491709037,0.9733831730713758
406,0.7677595909650213,0.169114688864894,0.0631257201700847
407,0.27917314847626284,0.5264246259061544,0.19440222561758277
408,0.021916856242840267,0.5450948537942341,0.43298828996292565
409,0.2905903724997517,0.5311636821750045,0.17824594532524374
410,0.11164204888142822,0.577001897801086,0.31135605331748584
411,0.0052662527663586665,0.009264655671210957,0.9854690915624305
412,0.6919072270795588,0.21511820624275413,0.09297456667768712
413,0.10680714858504142,0.7898732143197187,0.10331963709523986
414,0.010494735369330701,0.06343987647364886,0.9260653881570203
415,0.018345451820987246,0.28408726334620826,0.6975672848328045
416,0.02011060005961154,0.3279354901435728,0.6519539097968157
417,0.343292106700007,0.5712357790720963,0.0854721142278966
418,0.9729484678101614,0.021516586381250587,0.00553494580858812
419,0.33772575297775426,0.6067052342713045,0.055569012750941164
420,0.0005011606044663748,0.009480572120070647,0.9900182672754629
421,0.4910054420320838,0.43829600654659223,0.07069855142132406
422,0.6085891358960221,0.3344215363370483,0.05698932776692951
423,0.0019553965478504814,0.013348580031265324,0.9846960234208841
424,0.12543836097599273,0.3418022765873927,0.5327593624366145
425,0.3098461165458549,0.6369105372198685,0.05324334623427661
426,0.00479676836817302,0.3079584477114464,0.6872447839203805
427,0.032417040201700144,0.21055481683862998,0.7570281429596698
428,0.2518117287108472,0.5061398429152631,0.24204842837388968
429,0.10560086828709989,0.6542020757634751,0.240197055949425
430,0.0019636185455342613,0.06709907726882706,0.9309373041856386
431,0.04210041280779244,0.5331686760350381,0.4247309111571694
432,0.10094774693955663,0.45009362407287395,0.44895862898756933
433,0.032507103720181944,0.5436244298125424,0.4238684664672756
434,0.2801559018090999,0.5269356668876019,0.19290843130329827
435,0.9087781279028005,0.07846866315486328,0.012753208942336185
436,0.19266270609113179,0.6810986669332826,0.12623862697558566
437,0.1792895945065457,0.6470755358945822,0.173634869598872
438,0.023876304657802227,0.26367703993250863,0.7124466554096892
439,0.0021963716325655138,0.04662596892679415,0.9511776594406404
440,0.006293762242117317,0.06084110263595013,0.9328651351219325
441,0.3849280863919279,0.485983297448377,0.12908861615969514
442,0.5809844080858033,0.3662374402122005,0.05277815170199618
443,0.18110477376280182,0.5383114664764412,0.280583759760757
444,0.0035873835354042604,0.16940905008943233,0.8270035663751634
445,0.00022894507760950564,0.005694675938264912,0.9940763789841255
446,0.2929904981303912,0.5985584115184461,0.1084510903511628
447,0.29842992476493757,0.5130249218442294,0.18854515339083294
448,0.1904124639692377,0.8011864935086305,0.008401042522131946
449,0.004803663099226514,0.07830120817746421,0.9168951287233094
450,0.8578595279050265,0.09241268395493554,0.049727788140037955
451,0.023753699470379638,0.3423242691495246,0.6339220313800958
452,0.16581225294710364,0.7650705439011443,0.0691172031517522
453,0.4231428260127642,0.3804752278448383,0.19638194614239754
454,0.865004336744428,0.12291134969148813,0.012084313564083928
455,0.004598354786492816,0.0830697274573257,0.9123319177561815
456,0.545638057463127,0.21850598149600148,0.23585596104087145
457,0.5120841278657188,0.44831259670424384,0.03960327543003729
458,0.20697027221078182,0.42167808950446967,0.37135163828474843
459,0.15891092912293958,0.6107609235622027,0.23032814731485782
460,0.4363171964399205,0.5341820423435379,0.029500761216541545
461,0.47396420618377855,0.47106281378578463,0.05497298003043682
462,0.07841946709777609,0.6680037344375606,0.2535767984646633
463,0.3798040508629541,0.44140112924015557,0.17879481989689036
464,0.11041936639634499,0.5764953492506394,0.31308528435301564
465,0.1384215142710507,0.5650021155262054,0.2965763702027439
466,0.8406182357783919,0.12501371746752918,0.03436804675407888
467,0.11616273202918426,0.47223460213057394,0.41160266584024185
468,0.558312982395379,0.37885158659905704,0.06283543100556406
469,0.2799930375579556,0.6000831436963792,0.11992381874566528
470,0.001329438208140511,0.057337205816232216,0.9413333559756273
471,0.035025094137671575,0.2958703850996514,0.669104520762677
472,0.005214349750199737,0.2072682402893706,0.7875174099604297
473,0.6290221999290875,0.3521146300674313,0.01886317000348125
474,0.3890662528858271,0.3683130671480104,0.24262067996616263
475,0.3235832928742821,0.4663750363850472,0.21004167074067065
476,0.7039025660396189,0.28153053890029905,0.014566895060081969
477,0.00232370209688846,0.17904413635202088,0.8186321615510905
478,0.4888930661539866,0.48309612271996555,0.02801081112604787
479,0.08116193199124686,0.6728172426219791,0.24602082538677397
480,0.19227058508706218,0.4926036865758064,0.3151257283371314
481,0.024779394389640913,0.33813173761199605,0.637088867998363
482,0.11680798325364218,0.7975516018481384,0.08564041489821934
483,0.018761726141664825,0.7022788543414482,0.2789594195168869
484,0.2457652116883352,0.45456085898670295,0.29967392932496184
485,0.07510000002135618,0.3255350757539676,0.5993649242246761
486,0.01706191821045516,0.682533457974879,0.3004046238146659
487,0.8513973209223906,0.0877777766008169,0.06082490247679258
488,0.03425132085593827,0.8104401533091685,0.15530852583489319
489,0.038717431077397155,0.631384626779927,0.3298979421426758
490,0.006913958390740825,0.15209861209590714,0.840987429513352
491,0.02134138998215852,0.8407098469562857,0.1379487630615559
492,0.16111311625500213,0.46080565831172093,0.3780812254332769
493,0.11802415571359275,0.5786524946874692,0.3033233495989381
494,0.24416727188596818,0.6307227734532248,0.1251099546608071
495,0.001919506337373965,0.03970055920094846,0.9583799344616778
496,0.9514490536343021,0.03517374483466369,0.013377201531034378
497,0.40501349796502917,0.5854429620249192,0.009543540010051563
498,0.009403984873506481,0.041580268152639585,0.9490157469738539
499,0.35728604034094014,0.42739249064990686,0.21532146900915294
500,0.6038239733877706,0.3890102599816063,0.00716576663062305
501,0.00023073729446778055,0.03139987382556495,0.9683693888799674
502,0.031002982136121217,0.2217164700853663,0.7472805477785125
503,0.3277065416329186,0.41529229254451766,0.25700116582256366
504,0.10213899498780095,0.4640206375393946,0.4338403674728044
505,0.4325480662797241,0.4407245994331189,0.126727334287157
506,0.14684066455713507,0.36926171997715457,0.4838976154657105
507,0.14393392017109838,0.5691341655091423,0.28693191431975923
508,0.18084358532160769,0.2574482150097936,0.5617081996685988
509,0.8889816861366431,0.10042066214715822,0.010597651716198742
510,0.044362213278263035,0.24824249713350638,0.7073952895882304
511,0.009124615147392455,0.27384968359618533,0.7170257012564222
512,0.12064113189081731,0.5189866253216874,0.3603722427874953
513,0.018149397106613323,0.41004484978558015,0.5718057531078066
514,0.0004382102870706182,0.004851290391958379,0.994710499320971
515,0.0056486277240682566,0.2765576849813345,0.7177936872945974
516,0.010422042434917289,0.32916259719731567,0.6604153603677672
517,0.23481435893288158,0.5088967330659031,0.2562889080012153
518,0.2760295025446816,0.5312683323373283,0.19270216511799013
519,0.29750081576619236,0.5475265992253036,0.15497258500850414
520,0.09197020266705808,0.5951130645000315,0.31291673283291027
521,0.33772575297775426,0.6067052342713045,0.055569012750941164
522,0.009073551828507656,0.08602534958371744,0.9049010985877749
523,0.14274906827349726,0.7284176141743526,0.1288333175521502
524,0.13836350734013905,0.6766732069153778,0.18496328574448323
525,0.3455947704668982,0.3452703529235655,0.3091348766095364
526,0.3411598007845806,0.45473743047836873,0.20410276873705072
527,0.17016376562406446,0.5402245941228045,0.289611640253131
528,0.42110923153458524,0.5702513064834344,0.008639461981980323
529,0.20065136066284514,0.4095681145365565,0.38978052480059827
530,0.09573700814143155,0.4032132824503151,0.5010497094082533
531,0.510571687209596,0.29263135807284885,0.19679695471755515
532,0.0893294849476359,0.11422018754468345,0.7964503275076806
533,0.06078597976664557,0.29818321599200787,0.6410308042413465
534,0.28329839102070287,0.415479731227238,0.3012218777520591
535,0.04801539617881699,0.5549560585413827,0.39702854527980025
536,0.23697012969852543,0.6651236838485085,0.09790618645296613
537,0.012694517459560314,0.14213827571906684,0.845167206821373
538,0.6487399986818316,0.3095035527936993,0.04175644852446908
539,0.22277072494230118,0.5071565193278724,0.27007275572982636
540,0.19646223807406019,0.4035250419272714,0.40001271999866833
541,0.07245802711069271,0.36274028820718734,0.5648016846821199
542,0.36351188709686494,0.5965365039064342,0.0399516089967008
543,0.363885323536207,0.574700803800599,0.06141387266319402
544,0.025037593151592506,0.29158024630334817,0.6833821605450594
545,0.02798711309640305,0.28448816316941483,0.687524723734182
546,0.9445580497975558,0.04344136902858339,0.01200058117386098
547,0.9644799399288898,0.028158976653645442,0.0073610834174648076
548,0.5751497593045579,0.37620538830852357,0.048644852386918416
549,0.4111883867121224,0.5192913654034449,0.0695202478844327
550,0.47906633043262203,0.4750943086933714,0.045839360874006634
551,0.0997987443531611,0.747151592119675,0.153049663527164
552,0.2949471387705046,0.36628261437548915,0.3387702468540062
553,0.16336404999200618,0.8008555362621088,0.035780413745885045
554,0.08965043744679661,0.49708701935307187,0.4132625432001315
555,0.3541087601159204,0.631256255253068,0.014634984631011526
556,0.13651285698018364,0.542824725431313,0.32066241758850333
557,0.30111749247875086,0.3330894136871873,0.36579309383406183
558,0.004190104549209341,0.07481972839250267,0.920990167058288
559,0.6125066788992339,0.36526344126977495,0.022229879830991117
560,0.005591039919550905,0.16505554626917548,0.8293534138112735
561,0.29797393286252705,0.326740497466853,0.37528556967061993
562,0.00011808085731307652,0.003898087148843394,0.9959838319938437
563,0.08889326745003476,0.5262747753711279,0.38483195717883734
564,0.9605636104137204,0.02449857825701295,0.014937811329266826
565,0.07673722154603203,0.8562212602288768,0.06704151822509115
566,0.062188420781058004,0.7890087309888429,0.14880284823009898
567,0.10553631800848895,0.6034290459142114,0.2910346360772997
568,0.09342953073999208,0.66167472810678,0.24489574115322782
569,0.000719337379744189,0.04255967927746843,0.9567209833427874
570,0.00026651663914709615,0.011170927585828463,0.9885625557750243
571,0.32945936798485465,0.5135192188051745,0.1570214132099709
572,0.7116717234530378,0.2821629464357084,0.006165330111253955
573,0.33419431137795663,0.401907297926488,0.26389839069555526
574,0.2943655270322395,0.6882856146828914,0.017348858284869054
575,0.035315613494343964,0.5110708514474261,0.4536135350582298
576,0.03088729877803422,0.4495773638515488,0.5195353373704169
577,0.1182171715899458,0.40741264937623467,0.4743701790338195
578,0.00481974192520483,0.16453449739221704,0.8306457606825781
579,0.0022627004664288425,0.038828946526490174,0.9589083530070809
580,0.0027757124316376697,0.14172467479089915,0.8554996127774631
581,0.0016315424432730079,0.10270494409816627,0.8956635134585608
582,0.353663324602034,0.6344314738246013,0.011905201573364691
583,0.4210586904218311,0.549194352113904,0.0297469574642648
584,0.004654295537628775,0.16022868416487332,0.8351170202974978
585,0.5700510644809286,0.3574935800168883,0.07245535550218304
586,0.7677482882464787,0.21685537581576672,0.015396335937754822
587,0.00022277602247891057,0.020139973439103034,0.979637250538418
588,0.6026740067483054,0.30657444487543273,0.0907515483762618
589,0.0002987059341932494,0.009562771207905765,0.990138522857901
590,0.2767318755557844,0.46615990113959466,0.2571082233046211
591,0.5327140187601779,0.4333507103625685,0.03393527087725356
592,0.49272173443848943,0.4991151467560125,0.00816311880549813
593,0.0009689532402041043,0.03715008596122852,0.9618809607985673
594,0.5945605741505493,0.2500299611122679,0.15540946473718287
595,0.4459370258406365,0.5328048107685107,0.021258163390852895
596,0.19453331430457363,0.5348868738444774,0.27057981185094904
597,0.4660173611424471,0.4161794089788331,0.11780322987871991
598,0.09647436187235467,0.45885108506624395,0.44467455306140125
599,0.45051514907512535,0.46128374986568815,0.08820110105918647
600,0.01180947616782475,0.07619805149412663,0.9119924723380485
601,0.7093919488669795,0.27565617459645364,0.014951876536566872
602,0.0005364015251599959,0.004460874927699607,0.9950027235471405
603,0.09339829472704264,0.5896891958884524,0.316912509384505
604,0.28997265687440854,0.44215069447831984,0.26787664864727156
605,0.000431288782112521,0.01026550721668821,0.9893032040011992
606,0.7497165933472766,0.2305936914596556,0.01968971519306776
607,0.03291827451748687,0.453131293570088,0.5139504319124251
608,0.08022573594083461,0.23175653237407343,0.6880177316850918
609,0.010678381301020869,0.16133950702674735,0.8279821116722318
610,0.2110017832327045,0.5251340950269174,0.2638641217403781
611,0.5236449959333276,0.46750731510568166,0.008847688960990693
612,0.0011187914684935316,0.32244214302907365,0.6764390655024329
613,0.03158824141224904,0.11716511501352737,0.8512466435742236
614,0.04206126192688898,0.4835012651031176,0.4744374729699935
615,0.025842162526143745,0.1972094125743353,0.7769484248995209
616,0.07455874177975122,0.7038772380489428,0.221564020171306
617,0.006164353466190668,0.10868023185930288,0.8851554146745063
618,0.4960223805513663,0.3100861811641895,0.19389143828444416
619,0.004058470728877028,0.1182056735189874,0.8777358557521355
620,0.28379466695413347,0.515083291318316,0.20112204172755066
621,0.24789388020585407,0.3770220889607209,0.37508403083342506
622,0.0073303516828321265,0.254030677351686,0.7386389709654818
623,0.690839569284563,0.2574265933476092,0.05173383736782768
624,0.0068545599454862246,0.3550925734935488,0.638052866560965
625,0.009084599198482425,0.7552245710042578,0.23569082979725978
626,0.6659112699606758,0.2836741167274403,0.05041461331188398
627,0.1676023337989399,0.5921107608628049,0.24028690533825514
628,0.5907737520909101,0.39564814069770193,0.013578107211387956
629,0.4187527685123408,0.48601163121562996,0.09523560027202929
630,0.29737728808519304,0.4980243256579085,0.20459838625689847
631,0.1786216334724027,0.6793516417189365,0.14202672480866083
632,0.5746576209331611,0.36853473643158413,0.05680764263525469
633,0.45995122152225176,0.40436894508430976,0.13567983339343861
634,0.24488790560470747,0.6021728083004253,0.1529392860948672
635,0.27262195736609524,0.6103667588853401,0.11701128374856466
636,0.20083262360565868,0.5571666713748212,0.24200070501951998
637,0.14720177904353957,0.6144645997896697,0.2383336211667907
