ID,high,medium,low
1,0.533484932728839,0.3891516988287978,0.07736336844236319
2,0.25995792384862276,0.5500266292025895,0.1900154469487878
3,0.045544663085501064,0.1788001504627301,0.7756551864517689
4,0.6585378795542971,0.2867252016552988,0.05473691879040415
5,0.00986734658308598,0.2890837133705114,0.7010489400464027
6,0.009524791284244275,0.095674934831069,0.8948002738846867
7,0.06084793665159619,0.3956447816113138,0.54350728173709
8,0.25823580840582144,0.6048395637999795,0.13692462779419912
9,0.1740930301575295,0.3181573103678488,0.5077496594746218
10,0.19625663558532977,0.26517375607725285,0.5385696083374174
11,0.2688002825326261,0.5669873704283283,0.16421234703904558
12,0.40277965783751185,0.480312230465493,0.1169081116969952
13,0.015162769238233393,0.2397649552655117,0.7450722754962549
14,0.1231980989078626,0.4462150837556401,0.4305868173364974
15,0.1264502357449774,0.43940141209187,0.43414835216315256
16,0.09182136662207134,0.439327787173938,0.46885084620399076
17,0.09872527304752014,0.18636845253201437,0.7149062744204656
18,0.12343804436748525,0.3363217332276069,0.5402402224049078
19,0.6025235911449431,0.37565985572144633,0.02181655313361061
20,0.12703925454661108,0.700166571591987,0.17279417386140186
21,0.05123397976469483,0.5440948143670578,0.40467120586824734
22,0.013904412699070334,0.06238102402186233,0.9237145632790672
23,0.31229474674910385,0.30631485554227006,0.38139039770862615
24,0.1763364352063535,0.4118418959530032,0.4118216688406433
25,0.12186687968921389,0.5769750164823882,0.30115810382839786
26,0.02840272285956715,0.24367760103342667,0.7279196761070063
27,0.21694693824162964,0.39910002153241225,0.38395304022595805
28,0.49691293514228196,0.4621841182602108,0.04090294659750728
29,0.08937520551808745,0.2642398550898584,0.6463849393920541
30,0.3351508182584728,0.5010605507939646,0.1637886309475626
31,0.27382623679600965,0.3061250269830989,0.42004873622089145
32,0.458031836802446,0.44660766505225197,0.09536049814530204
33,0.04662031242255734,0.19814193461056362,0.7552377529668791
34,0.017282798803452733,0.28781849492225425,0.6948987062742931
35,0.13777994756140508,0.4328919351440766,0.4293281172945183
36,0.009372096980577631,0.09407899327757138,0.8965489097418509
37,0.17970156387748765,0.668037739542176,0.15226069658033628
38,0.10751175366499638,0.4047025213587316,0.4877857249762721
39,0.40350683317635455,0.5023405747192184,0.09415259210442703
40,0.5910854744442621,0.36173173432389905,0.04718279123183869
41,0.22181377141706457,0.42633472238016695,0.3518515062027684
42,0.4015940039578586,0.4669943957140011,0.13141160032814034
43,0.01059291716846103,0.2040560005963554,0.7853510822351837
44,0.03439875071025956,0.5691876797408278,0.39641356954891255
45,0.014034498875394185,0.3673879605249512,0.6185775405996546
46,0.6607549716598733,0.31010058072192614,0.029144447618200578
47,0.17427149636772696,0.3568394146046801,0.46888908902759296
48,0.07516984409912048,0.3544483084693594,0.5703818474315202
49,0.14292735972773227,0.44907987718737913,0.4079927630848885
50,0.5642520934700966,0.37285236249783116,0.06289554403207216
51,0.36571019794501347,0.44250534173124456,0.191784460323742
52,0.6255607865596347,0.3631624414498948,0.011276771990470414
53,0.3665859185362029,0.4068920461365116,0.2265220353272856
54,0.6643181363075937,0.2446206583906877,0.09106120530171842
55,0.012466195695392212,0.129135292888302,0.8583985114163057
56,0.14189738818949296,0.602327316173095,0.25577529563741197
57,0.3441260529095078,0.20164554646129132,0.45422840062920083
58,0.009207713026219722,0.059850112884352706,0.9309421740894276
59,0.22873877981724197,0.7334635112171265,0.037797708965631435
60,0.05169065471344966,0.40643822499747273,0.5418711202890777
61,0.09159576331298239,0.3541267681518738,0.5542774685351437
62,0.1123117645839006,0.5340054292019605,0.35368280621413895
63,0.24146229290279103,0.5433894239558562,0.21514828314135265
64,0.20271311158460473,0.3743946129232989,0.42289227549209646
65,0.35130273736095347,0.33043362585159414,0.3182636367874524
66,0.5689389812787912,0.34523310639628096,0.08582791232492791
67,0.11743199561951141,0.2137183448260514,0.6688496595544371
68,0.6580462477147562,0.2732346477690406,0.06871910451620324
69,0.3601238476878269,0.5377508353719255,0.10212531694024768
70,0.01711531103095918,0.312802537991913,0.6700821509771276
71,0.12722206477574846,0.5720815581377303,0.30069637708652114
72,0.3748615901941481,0.6005209096357356,0.024617500170116362
73,0.19662920598287387,0.7093780071028152,0.09399278691431098
74,0.05414543975570101,0.29073547533720073,0.6551190849070982
75,0.07103034116043017,0.7433103774660257,0.1856592813735441
76,0.6593634425698097,0.24882710680091102,0.09180945062927917
77,0.021193641411514325,0.3849794899494211,0.5938268686390646
78,0.22676551043221702,0.4848080453417261,0.2884264442260568
79,0.12268090307148162,0.5366291429686686,0.34068995395984975
80,0.30407861857078006,0.54964177952447,0.14627960190474992
81,0.0060984197054848865,0.016476224785855687,0.9774253555086594
82,0.15447517410319517,0.6142598121765196,0.23126501372028518
83,0.014489402909366325,0.091120684578232,0.8943899125124017
84,0.029080893812565022,0.7370136448320154,0.2339054613554195
85,0.197588800025907,0.3933828535871803,0.4090283463869127
86,0.24927589752067872,0.3451273690357304,0.4055967334435909
87,0.0420930255523329,0.3216911369216208,0.6362158375260463
88,0.10909998635726388,0.6880316689455991,0.20286834469713708
89,0.13676162576331571,0.6281360032022477,0.23510237103443654
90,0.45695459634628816,0.36028971097094786,0.182755692682764
91,0.007050422569385125,0.03739790569297319,0.9555516717376416
92,0.16212438864248618,0.621873228568867,0.21600238278864686
93,0.7256803869987254,0.11990062344055663,0.1544189895607181
94,0.18288533188817807,0.386360026036029,0.43075464207579284
95,0.510788088126692,0.4062758476451661,0.08293606422814198
96,0.08499569994648208,0.6620529474531744,0.25295135260034346
97,0.6516590810246207,0.2162461415857946,0.1320947773895847
98,0.058200840806209395,0.4126892626158443,0.5291098965779463
99,0.37314942933299394,0.3117789995693313,0.31507157109767486
100,0.3009840264299787,0.44903025704288785,0.24998571652713356
101,0.06342601061481899,0.35166491906100966,0.5849090703241714
102,0.24318520637019791,0.5891136064328628,0.16770118719693927
103,0.294367257500655,0.5492706088262915,0.15636213367305346
104,0.3635921448804322,0.43382627802457796,0.20258157709498978
105,0.4485057290216948,0.4518360365085403,0.09965823446976488
106,0.4382123357680268,0.4547956833890679,0.10699198084290522
107,0.41317078737082585,0.28741998273465874,0.29940922989451535
108,0.2119438974021206,0.5884532535248331,0.19960284907304623
109,0.12526187035598554,0.48301053310170683,0.39172759654230765
110,0.272479202321419,0.5526754764328219,0.17484532124575913
111,0.0053606525904550985,0.2143429457918344,0.7802964016177104
112,0.02444921484314369,0.317305712379096,0.6582450727777603
113,0.05199165719632164,0.412611441612325,0.5353969011913534
114,0.39295127299934446,0.4736877551122559,0.13336097188839965
115,0.548519169705165,0.40993462180341245,0.04154620849142263
116,0.3796296567207016,0.49715711944880114,0.12321322383049711
117,0.08150887258805757,0.3491022188554123,0.5693889085565301
118,0.2691219796625097,0.4098506378237081,0.3210273825137821
119,0.40276687113439086,0.3741503003639842,0.2230828285016249
120,0.3483905214254803,0.5153371198121954,0.13627235876232416
121,0.16968761947028188,0.5473499734140629,0.28296240711565523
122,0.00612756662501295,0.029112480922856065,0.9647599524521309
123,0.0522914151470909,0.2168279543525122,0.730880630500397
124,0.05346857893970924,0.5330253828383301,0.4135060382219605
125,0.027676463948498032,0.3998823926329733,0.5724411434185286
126,0.19274755043863034,0.5731525647544351,0.23409988480693458
127,0.19295640087214494,0.6000756669306153,0.20696793219723972
128,0.4578096611476186,0.44474139720301586,0.09744894164936549
129,0.08253940528750954,0.33861047579989173,0.5788501189125986
130,0.00521165656782312,0.10452010281528618,0.8902682406168907
131,0.47784184928388174,0.45729505091491457,0.06486309980120375
132,0.16062237707148944,0.7399172940694185,0.09946032885909199
133,0.6031014243337388,0.3616158170049793,0.03528275866128178
134,0.17598659756295507,0.36754457836070786,0.4564688240763372
135,0.06980915432757819,0.17919696947610236,0.7509938761963194
136,0.10194129808763526,0.28893909376374116,0.6091196081486235
137,0.19787233366222173,0.4064381827962454,0.3956894835415328
138,0.35127739392455004,0.4380659608388199,0.21065664523663002
139,0.1897024845124525,0.3299095717279132,0.48038794375963423
140,0.3981046713865103,0.3764184244731174,0.22547690414037222
141,0.004616647328250045,0.02691282149772898,0.968470531174021
142,0.047525608175926666,0.9103806196396419,0.04209377218443135
143,0.2806542309260801,0.5791083566602554,0.14023741241366441
144,0.3280057002049227,0.12580437242472142,0.5461899273703559
145,0.3940871009948868,0.24973455282286952,0.3561783461822437
146,0.21414783689179537,0.43447906645518675,0.3513730966530178
147,0.18705721042485016,0.2900813896990089,0.5228613998761411
148,0.04999641104847735,0.274590681256081,0.6754129076954416
149,0.0383405732006749,0.3576554728427641,0.604003953956561
150,0.004161504575770076,0.04527930354247987,0.9505591918817501
151,0.12936323567582236,0.15529515458217605,0.7153416097420016
152,0.21976781816128343,0.583168445852299,0.19706373598641752
153,0.3100884989311539,0.5952581649497289,0.09465333611911712
154,0.36914631251696906,0.2887383528339002,0.34211533464913074
155,0.04261019857351645,0.27604147553851544,0.6813483258879681
156,0.3049141581279446,0.5404093333360506,0.15467650853600487
157,0.04399445062121739,0.39098969497712477,0.5650158544016578
158,0.0385870142145477,0.5285193040946835,0.43289368169076875
159,0.43116559758528894,0.4172616798980927,0.1515727225166183
160,0.46977619756559796,0.431916191913658,0.09830761052074419
161,0.4696538569710269,0.47951607394830614,0.050830069080667034
162,0.313929151749859,0.5264626091796947,0.1596082390704463
163,0.04915854455102122,0.33224370173741846,0.6185977537115603
164,0.3188927289862884,0.5196199119727465,0.1614873590409651
165,0.6689752451349861,0.3040416715514354,0.02698308331357858
166,0.25561850088526566,0.5861141964432991,0.15826730267143527
167,0.04540826231965662,0.6763295699849421,0.27826216769540135
168,0.06526097799371038,0.49465875790084546,0.44008026410544415
169,0.4452285767885355,0.44165381429452394,0.11311760891694059
170,0.3327894760103958,0.5941388298963941,0.07307169409321009
171,0.015857599682328978,0.3277729320687161,0.6563694682489549
172,0.4958583487642604,0.40729104214325484,0.09685060909248473
173,0.005230327837134303,0.04892712808874214,0.9458425440741237
174,0.15695175870836536,0.43932794946173614,0.40372029182989844
175,0.07737104450515621,0.5918912180311402,0.33073773746370355
176,0.008736735642790686,0.029812453569027383,0.961450810788182
177,0.2048915369655266,0.4277919510308845,0.3673165120035889
178,0.07486012806536015,0.2271199698787692,0.6980199020558706
179,0.010142160426956355,0.3273684932242597,0.662489346348784
180,0.06300712810549043,0.2411611193495723,0.6958317525449373
181,0.03639029658296718,0.8093292922619423,0.15428041115509056
182,0.12287416688309061,0.16066725753489788,0.7164585755820114
183,0.27357667420977544,0.5962736051957388,0.1301497205944858
184,0.09115696497101365,0.4881893664027663,0.42065366862622
185,0.007872419455520729,0.06735117103006924,0.92477640951441
186,0.08639900499725665,0.5476244687593533,0.36597652624339
187,0.02790919927483215,0.2035534218651529,0.7685373788600149
188,0.16163844756342882,0.45052700304994625,0.387834549386625
189,0.04852622519905744,0.623390115635776,0.32808365916516663
190,0.02582343227983294,0.5019240607832272,0.47225250693693993
191,0.08010716841542657,0.441549986619356,0.47834284496521756
192,0.01144637279673508,0.2514000235411494,0.7371536036621156
193,0.458031836802446,0.44660766505225197,0.09536049814530204
194,0.7081934272784071,0.25903542013015995,0.032771152591433095
195,0.0032885545376307086,0.0341061160695611,0.9626053293928081
196,0.12336600039382462,0.7712579638962628,0.1053760357099127
197,0.043947404984835285,0.3665579510006377,0.589494644014527
198,0.46310135663101637,0.4588932240144072,0.07800541935457651
199,0.04555053491604296,0.7461235874291025,0.2083258776548546
200,0.03428998155035888,0.3500022679604524,0.6157077504891886
201,0.1563159300909172,0.44499369159118163,0.39869037831790116
202,0.039224344298343344,0.23587112252741516,0.7249045331742414
203,0.022761267066502812,0.28166176585069563,0.6955769670828015
204,0.12013159631980616,0.1900879696121483,0.6897804340680456
205,0.023840384958376214,0.25854406759345805,0.7176155474481657
206,0.010068879039891282,0.15078495406788656,0.8391461668922221
207,0.009504577656816945,0.13953537644352015,0.850960045899663
208,0.1625894208494008,0.47982749451357126,0.357583084637028
209,0.5461464875455398,0.34760467199908873,0.10624884045537142
210,0.17591306210811922,0.7167801463367709,0.10730679155510989
211,0.3134451380144165,0.44611520053114473,0.24043966145443862
212,0.05507611358412911,0.12061269034442226,0.8243111960714486
213,0.6607549716598733,0.31010058072192614,0.029144447618200578
214,0.05383858763402007,0.20509018617089125,0.7410712261950886
215,0.027351001209411106,0.17307149766960817,0.7995775011209807
216,0.3218594292868011,0.46346188041163255,0.2146786903015663
217,0.0482273848344921,0.31497823538055325,0.6367943797849547
218,0.016890160544336577,0.858777644911382,0.12433219454428149
219,0.3611623608430197,0.22546245254354022,0.4133751866134401
220,0.13212810315583162,0.4282207434080941,0.4396511534360743
221,0.34980883722707107,0.5554521231625252,0.09473903961040375
222,0.015072697963031028,0.423339952374248,0.5615873496627211
223,0.10670479559579957,0.37311630142983476,0.5201789029743656
224,0.0041716904557847975,0.1472046046444086,0.8486237048998065
225,0.2842712241596918,0.5265060649477775,0.1892227108925308
226,0.013382949037919289,0.29667839294807674,0.689938658014004
227,0.48150885366319807,0.4852474136783233,0.033243732658478735
228,0.16009460213438192,0.5898679000651339,0.2500374978004842
229,0.10717414014947237,0.5728738474784214,0.31995201237210624
230,0.10483782483381608,0.31557611916687806,0.5795860559993058
231,0.004762273027337125,0.40005768507139117,0.5951800419012717
232,0.6314533880847513,0.3044235007950421,0.06412311112020665
233,0.06518666193545888,0.20802982191375913,0.726783516150782
234,0.05959093654130275,0.6800643529862596,0.26034471047243773
235,0.17336179646336977,0.6646910203407785,0.16194718319585166
236,0.5107769235722572,0.43282034684516224,0.05640272958258059
237,0.5318217657390888,0.4249164541033733,0.04326178015753796
238,0.18921498102208964,0.5251372450240969,0.2856477739538135
239,0.011050901087192215,0.08051345370970667,0.9084356452031012
240,0.23560508970297586,0.6336819198877489,0.13071299040927525
241,0.5591329131531936,0.35828139833813727,0.08258568850866914
242,0.03357127506434544,0.22759951531791492,0.7388292096177396
243,0.1032717241291693,0.35987642343739346,0.5368518524334372
244,0.43401221310066374,0.2880532612856357,0.2779345256137005
245,0.2549808148131033,0.3965686500998301,0.3484505350870666
246,0.3289115518964529,0.32975382229771283,0.3413346258058343
247,0.4139809865017775,0.41116984836570386,0.17484916513251864
248,0.2919622910984328,0.18208937851818205,0.5259483303833852
249,0.01068452761504624,0.24107151208241923,0.7482439603025345
250,0.2712912484087093,0.47223963528852086,0.2564691163027698
251,0.03560433837339315,0.2483818870941921,0.7160137745324147
252,0.4395124244211208,0.4781021903744069,0.08238538520447232
253,0.12172931068698453,0.38824559970498984,0.4900250896080256
254,0.03643062127205082,0.47441090306757355,0.48915847566037574
255,0.3839652181313998,0.4152415376060545,0.20079324426254577
256,0.5628930443312922,0.37971511176944966,0.057391843899258145
257,0.05450219963269014,0.6193892565956745,0.32610854377163534
258,0.27087094689696517,0.42560160472044684,0.30352744838258794
259,0.6655435474783561,0.3116620762106816,0.022794376310962212
260,0.6639768663526832,0.2988477820309539,0.037175351616363
261,0.08703657216390555,0.32895423273840324,0.5840091950976912
262,0.020332707022647223,0.25842844171322715,0.7212388512641257
263,0.354264227113273,0.5385299103957742,0.10720586249095276
264,0.1441263679959614,0.34831188891105996,0.5075617430929786
265,0.5190057822617973,0.4554276671665783,0.02556655057162446
266,0.5581966552719758,0.33701566737636024,0.10478767735166393
267,0.29255910059670115,0.22160784881829756,0.4858330505850013
268,0.005024912442341889,0.035701581461262254,0.9592735060963958
269,0.42075098413747825,0.40658033678161515,0.17266867908090666
270,0.05411915290619891,0.6994722026340127,0.24640864445978844
271,0.7052021876381046,0.20301324122492617,0.09178457113696908
272,0.015146588766160025,0.1235493608326176,0.8613040504012223
273,0.11766429078514148,0.630140174172902,0.2521955350419564
274,0.0037458903968482504,0.08676616184976844,0.9094879477533834
275,0.10842383896004376,0.7859741460017772,0.10560201503817912
276,0.6320487224722683,0.3032221451350124,0.06472913239271931
277,0.5924598676230424,0.33510883972729183,0.07243129264966575
278,0.15384771309673484,0.5311996670584092,0.314952619844856
279,0.07450321645722262,0.42266317516781055,0.5028336083749668
280,0.08960271822865264,0.5949253614018232,0.3154719203695242
281,0.11674911993804746,0.49113881106310997,0.3921120689988425
282,0.012488153908895593,0.018315214878947137,0.9691966312121574
283,0.05800421797411796,0.6482257437636364,0.29377003826224574
284,0.28169543778923256,0.5182926517348132,0.20001191047595424
285,0.1529565530337552,0.4369567741503357,0.4100866728159091
286,0.0011021864770879716,0.02541676604380927,0.9734810474791028
287,0.0035177013007313914,0.014634739037385614,0.981847559661883
288,0.1815493601329605,0.611344924295888,0.20710571557115146
289,0.02592157948769459,0.5863188071580404,0.38775961335426506
290,0.08252699948717643,0.3080420814261753,0.6094309190866484
291,0.46181981363046265,0.4925932668639895,0.04558691950554788
292,0.1064023672888044,0.5433573183084262,0.35024031440276937
293,0.1489509881565691,0.5499784241296757,0.3010705877137552
294,0.03989069203604147,0.6522564991892699,0.30785280877468874
295,0.09523982677421304,0.6435296422565775,0.2612305309692094
296,0.25509186659452443,0.44056369552260005,0.30434443788287563
297,0.1733591877209366,0.6690621201875914,0.15757869209147204
298,0.01522379482917412,0.1445212552946977,0.8402549498761283
299,0.014535532119560157,0.1347423007406228,0.8507221671398172
300,0.2137045820342103,0.6238148451152171,0.16248057285057252
301,0.03599226423738662,0.19872759135737994,0.7652801444052334
302,0.033333465594695584,0.30270008788195907,0.6639664465233454
303,0.30783388308625864,0.41068321459540225,0.2814829023183391
304,0.017926220239283027,0.3205657388375747,0.6615080409231423
305,0.6224216156678296,0.33112646273987845,0.04645192159229187
306,0.14664768906678605,0.4134994881179265,0.4398528228152876
307,0.0265496143906661,0.5365508995365581,0.43689948607277573
308,0.0056866630956693255,0.024331159458753825,0.9699821774455769
309,0.485371638446438,0.44098278394586826,0.07364557760769368
310,0.5816546294763618,0.2871470369952054,0.13119833352843294
311,0.42622458439531236,0.4781517254969243,0.09562369010776336
312,0.44024013958631736,0.4568853898719985,0.10287447054168403
313,0.4765258041898873,0.3323660790849685,0.19110811672514408
314,0.036607276113586704,0.3096220666236034,0.6537706572628098
315,0.18299825813794018,0.46767511844764953,0.3493266234144103
316,0.407769242999104,0.343248898396769,0.24898185860412705
317,0.42541782207216255,0.42552321899686146,0.14905895893097598
318,0.003903561101786319,0.03989694557608296,0.9561994933221308
319,0.04909170208776052,0.07773397533741515,0.8731743225748243
320,0.507349253224446,0.44352243983099854,0.04912830694455546
321,0.07688610987729279,0.07404261380980202,0.8490712763129051
322,0.7264559029413714,0.24473923051750637,0.028804866541122184
323,0.4524596274783034,0.40502571640418217,0.1425146561175146
324,0.023427668784032563,0.29707405207143783,0.6794982791445295
325,0.2251512314672027,0.5167025552221318,0.25814621331066545
326,0.22063449919081632,0.4423012072846524,0.3370642935245312
327,0.13126138137778326,0.32366273361319825,0.5450758850090184
328,0.29538855875826514,0.30638254994174696,0.3982288912999879
329,0.4462657813246438,0.3489091802934806,0.20482503838187563
330,0.03454772893295305,0.4838207438243164,0.48163152724273056
331,0.6937711437259033,0.21383327051399723,0.09239558576009953
332,0.39782158947669005,0.4692630440461986,0.13291536647711139
333,0.524863492025887,0.4404663541906959,0.034670153783417264
334,0.18332424556484547,0.573506635590765,0.2431691188443896
335,0.5191663267351166,0.23064665642475898,0.25018701684012445
336,0.01633919841316994,0.07519032584016662,0.9084704757466635
337,0.26849917378842014,0.5437588090738205,0.18774201713775937
338,0.3071914836325767,0.57118211628143,0.12162640008599326
339,0.11813309678256621,0.28876505488371484,0.5931018483337189
340,0.20618946586067788,0.5290722217879137,0.26473831235140843
341,0.6093536712873228,0.3491614431512167,0.04148488556146051
342,0.6613095128109868,0.3078955068559238,0.030794980333089323
343,0.12443361578312813,0.8196832525395503,0.055883131677321556
344,0.06580651824737171,0.8063952728078199,0.12779820894480834
345,0.36226746769230156,0.42819275274150986,0.20953977956618858
346,0.049037954534404356,0.273418983797969,0.6775430616676266
347,0.08577582570647149,0.36428383732461106,0.5499403369689174
348,0.034817733636248065,0.19406254457904393,0.771119721784708
349,0.3573312812570963,0.4983073186482763,0.14436140009462756
350,0.12163115739199912,0.6489194722968182,0.22944937031118265
351,0.10775762454570134,0.3160066985926247,0.576235676861674
352,0.8201573724894939,0.08275360128461448,0.09708902622589155
353,0.2518778631308723,0.457567797102843,0.2905543397662847
354,0.3791241388185033,0.5486484294147961,0.07222743176670064
355,0.06930864389506457,0.39659164634386856,0.534099709761067
356,0.08632665960569896,0.3988722302245519,0.5148011101697492
357,0.350006969175322,0.4073032978724646,0.24268973295221336
358,0.20943056060217582,0.6426362078366551,0.14793323156116908
359,0.12451666180182498,0.7312964562883317,0.14418688190984325
360,0.44178117345842316,0.34669121520793916,0.21152761133363768
361,0.08905955888746786,0.20499385074873658,0.7059465903637955
362,0.41603459218809385,0.18738546336405854,0.39657994444784755
363,0.32344665079808366,0.4334788593113035,0.24307448989061287
364,0.032496365929158416,0.3873536430826121,0.5801499909882294
365,0.19263213553313813,0.5006709309649223,0.3066969335019395
366,0.1295413737952945,0.3787512651787279,0.49170736102597756
367,0.42282279750505475,0.4742586327220318,0.10291856977291348
368,0.04903237153025248,0.2546077175190406,0.696359910950707
369,0.018730024820230555,0.05874086470625522,0.9225291104735142
370,0.17940128716861278,0.37677142837744915,0.4438272844539382
371,0.5782858079112906,0.3866099730168691,0.035104219071840304
372,0.15780997242592038,0.3766314639140943,0.4655585636599854
373,0.41064544317524826,0.3369201515992116,0.2524344052255401
374,0.04666581347708091,0.28529508883728827,0.6680390976856309
375,0.05839969380530487,0.23910302301140365,0.7024972831832915
376,0.033484275731092604,0.42160091775627556,0.5449148065126318
377,0.29235994356023165,0.5828294117039765,0.12481064473579191
378,0.07192214399319811,0.3247948870288903,0.6032829689779117
379,0.08750041900757413,0.46712033478317816,0.4453792462092477
380,0.42195269646215977,0.49924432831524995,0.07880297522259026
381,0.8602890534414526,0.1185706402184316,0.02114030634011587
382,0.4786147911495442,0.45307653847733015,0.06830867037312562
383,0.11046737250674107,0.4553626937322872,0.43416993376097174
384,0.036696017536356144,0.30140653430401365,0.6618974481596301
385,0.3655546721640454,0.5235769805639727,0.1108683472719817
386,0.19254495090946494,0.5064470237707267,0.3010080253198084
387,0.15258816356522142,0.6521722398981563,0.19523959653662237
388,0.20154158274872735,0.7365547585421802,0.06190365870909239
389,0.5929912173648773,0.2911989362411677,0.1158098463939551
390,0.081813110304371,0.09992330523562896,0.81826358446
391,0.15152254748977761,0.4056724820749601,0.4428049704352623
392,0.33170545125644363,0.5110230824504883,0.1572714662930681
393,0.6635208633809957,0.25491727683279136,0.08156185978621291
394,0.8387597033564643,0.08747774413370991,0.07376255250982583
395,0.05338677198448013,0.20400848077051578,0.7426047472450041
396,0.23978320753184634,0.511335241982285,0.2488815504858686
397,0.27106257031180203,0.49631839294789465,0.2326190367403032
398,0.7061524921131268,0.22980005622587188,0.0640474516610013
399,0.2585182641279468,0.5353736389515051,0.20610809692054796
400,0.044824723915085574,0.21255135760666996,0.7426239184782444
401,0.4496733423280265,0.29121450429779444,0.25911215337417903
402,0.23442084401402866,0.41515858594557553,0.3504205700403959
403,0.1159515328002297,0.2966581177469681,0.5873903494528022
404,0.5757337367850711,0.2919820155114882,0.1322842477034407
405,0.005039639699428717,0.15167630849442187,0.8432840518061495
406,0.647335912407495,0.296980841939611,0.055683245652894106
407,0.42098788604347004,0.3580645456688565,0.22094756828767337
408,0.2840898678694356,0.48242342880200995,0.23348670332855442
409,0.23836776985478544,0.5360907498528497,0.22554148029236487
410,0.1313964389254738,0.5068503898163155,0.3617531712582107
411,0.004027817695610824,0.017213758108645383,0.9787584241957439
412,0.5695623136689429,0.3322383279656876,0.09819935836536942
413,0.23834213604877,0.6464540209835816,0.11520384296764838
414,0.021308970819075346,0.28109337542939405,0.6975976537515305
415,0.023971577561733747,0.1804881823150961,0.79554024012317
416,0.031327537000674435,0.46733143082655615,0.5013410321727694
417,0.41160319594275446,0.35297887627506136,0.23541792778218432
418,0.7959752717243864,0.18866558789250773,0.01535914038310589
419,0.5089129177517249,0.41475455369257286,0.07633252855570224
420,0.0017326573214984052,0.009399208242025262,0.9888681344364763
421,0.45838915569976396,0.4075577422727523,0.13405310202748372
422,0.3702188547344246,0.3902050445514938,0.23957610071408159
423,0.020009917172139798,0.0842342962071956,0.8957557866206647
424,0.1540268607880714,0.4103480850481376,0.435625054163791
425,0.46832874775756306,0.48232849785983645,0.0493427543826005
426,0.0022969488582392753,0.26386089158415643,0.7338421595576043
427,0.08086848305302394,0.2635533622432247,0.6555781547037514
428,0.2828245006667899,0.48681468309776255,0.23036081623544746
429,0.2964174537482039,0.5753397864705062,0.12824275978129
430,0.024970235489502897,0.1911587263363447,0.7838710381741524
431,0.11465531655791261,0.5158664578916725,0.36947822555041493
432,0.11295075241234176,0.5583107962037519,0.32873845138390634
433,0.06720240747168865,0.4532941863237002,0.47950340620461124
434,0.4349338953401512,0.3727725172906155,0.19229358736923327
435,0.5637958761685204,0.336146297050927,0.10005782678055256
436,0.2436981420082812,0.5372985719019582,0.21900328608976075
437,0.34430599746751156,0.4429137198530871,0.21278028267940133
438,0.03369350544905508,0.2755424690744063,0.6907640254765387
439,0.02784041535881582,0.17346066375789718,0.798698920883287
440,0.010612411490644472,0.11133113279305125,0.8780564557163042
441,0.3558154993446728,0.39185861560524227,0.25232588505008485
442,0.3111580859826736,0.6148504623500112,0.0739914516673153
443,0.19498054311078833,0.48060862359716755,0.3244108332920441
444,0.018148849622900077,0.10652784795339965,0.8753233024237003
445,0.011536706655734523,0.08459191355109628,0.9038713797931692
446,0.2007905373596311,0.5521223410227246,0.24708712161764426
447,0.293717295026666,0.47471984762751956,0.23156285734581444
448,0.5599601211171038,0.36677618520249067,0.07326369368040538
449,0.012249001208279868,0.052750730061334676,0.9350002687303854
450,0.8328144085390687,0.10019218848804705,0.06699340297288407
451,0.05209388516879152,0.5340303487584134,0.41387576607279497
452,0.09977739596996292,0.5698453480365213,0.33037725599351575
453,0.5200436427009778,0.39770401542685013,0.08225234187217205
454,0.5989637343841332,0.3399327516388839,0.061103513976982965
455,0.01564212003364459,0.31578318832764585,0.6685746916387096
456,0.1572886224436315,0.3350645228099058,0.5076468547464628
457,0.40744476422147063,0.48183221801911996,0.11072301775940939
458,0.334336548165971,0.4844376531819302,0.18122579865209887
459,0.10861553145825598,0.7405839556580454,0.1508005128836988
460,0.5087236006203029,0.4213179109981158,0.06995848838158135
461,0.188620556360122,0.6510467005195103,0.1603327431203677
462,0.40178365876237937,0.2899907023497664,0.3082256388878542
463,0.28070580659772854,0.5426884301591809,0.17660576324309063
464,0.03684131849475118,0.5720385695320749,0.3911201119731739
465,0.2770430098868791,0.3657707154628128,0.3571862746503082
466,0.7218382669407019,0.24586258780490386,0.0322991452543943
467,0.15978204088973033,0.46439546947598104,0.3758224896342886
468,0.5612906855110814,0.31547314714543967,0.12323616734347899
469,0.2647909083969022,0.6100800633044166,0.12512902829868133
470,0.018212928438274083,0.3767558666734048,0.605031204888321
471,0.05655881127422245,0.23513861066864092,0.7083025780571366
472,0.01763436358321014,0.2766422895612154,0.7057233468555745
473,0.5678326033726342,0.3561464964083154,0.07602090021905034
474,0.2714661301164745,0.355449083913041,0.3730847859704845
475,0.35095356572592223,0.5213265816883744,0.12771985258570343
476,0.6287160338236425,0.33098820932527273,0.04029575685108491
477,0.009730768146094557,0.33841033929782444,0.651858892556081
478,0.4641822140505243,0.44583331689682626,0.08998446905264959
479,0.20743464491445063,0.4306572472248694,0.36190810786067995
480,0.31927805580409996,0.39863467305449624,0.2820872711414037
481,0.08442279625192052,0.3192542410365132,0.5963229627115663
482,0.3576317079125127,0.5308511853029991,0.1115171067844883
483,0.06743460591276637,0.3330444049414559,0.5995209891457777
484,0.3778881617363069,0.4652608727348687,0.15685096552882438
485,0.13832007446182243,0.4048869821000385,0.45679294343813903
486,0.06277763183392573,0.560341639907344,0.3768807282587303
487,0.8328144085390687,0.10019218848804705,0.06699340297288407
488,0.04766225804518328,0.557783794005183,0.3945539479496337
489,0.048417296933046985,0.3490381759369481,0.6025445271300051
490,0.03668728955821245,0.32052899567248744,0.6427837147693001
491,0.17951532949133095,0.6142975603026832,0.20618711020598582
492,0.30118823978955506,0.497604951500884,0.20120680870956092
493,0.2145989665850509,0.4216314786466252,0.36376955476832384
494,0.5989301166177412,0.1552838037335037,0.24578607964875518
495,0.005654218530067974,0.06581970741951373,0.9285260740504182
496,0.8274255371836126,0.15885268928773771,0.01372177352864976
497,0.22362297693613223,0.6072141731667594,0.16916284989710845
498,0.15917089123689743,0.14730972264638728,0.6935193861167153
499,0.026804431306684168,0.6016636960828552,0.3715318726104606
500,0.524712356622202,0.45347699743165437,0.021810645946143646
501,0.01594239601099979,0.08603279028030313,0.898024813708697
502,0.16507374636315242,0.32536966144050655,0.5095565921963411
503,0.22615051686570797,0.38146141642631937,0.39238806670797255
504,0.13784420050595758,0.575380404052735,0.28677539544130737
505,0.4356647467539187,0.40915435765269514,0.15518089559338613
506,0.03195302462363504,0.12690724179819773,0.8411397335781673
507,0.17432005095917527,0.3958101727636518,0.42986977627717293
508,0.25627232852345133,0.34142290386204244,0.4023047676145062
509,0.5995120878103205,0.3766396445916424,0.02384826759803714
510,0.06330716522575186,0.3058744759574753,0.6308183588167728
511,0.046691701281749216,0.37048245397010565,0.5828258447481451
512,0.27814454827558577,0.22888166896341583,0.4929737827609983
513,0.05023985284900906,0.49622398070463125,0.45353616644635963
514,0.00428080290204203,0.04510181988961086,0.9506173772083472
515,0.03042537112436362,0.25182609509856185,0.7177485337770745
516,0.05886699442069012,0.16998389785107773,0.7711491077282322
517,0.22852055656956807,0.5683088560783117,0.20317058735212012
518,0.294367257500655,0.5492706088262915,0.15636213367305346
519,0.3021593088954972,0.4964442235646381,0.20139646753986465
520,0.16199001092728746,0.5623538821862543,0.27565610688645836
521,0.5089129177517249,0.41475455369257286,0.07633252855570224
522,0.00715357869989404,0.037929581235875504,0.9549168400642305
523,0.05790064526509996,0.7939179252918807,0.1481814294430194
524,0.41625110431502627,0.3956171947438226,0.18813170094115117
525,0.24602191396254897,0.3800761331592298,0.37390195287822126
526,0.46387640157049875,0.411355522224047,0.1247680762054543
527,0.05182312922138024,0.7021618397653362,0.2460150310132836
528,0.6447707264493551,0.3185858171171415,0.036643456433503294
529,0.3045703134662205,0.5044997099441498,0.1909299765896296
530,0.1585452261189543,0.3563656324345026,0.4850891414465432
531,0.16721099032308787,0.658806118768848,0.1739828909080641
532,0.03918058198651054,0.1997440704100884,0.7610753476034011
533,0.056407766158977204,0.4767808455771851,0.46681138826383767
534,0.03498687590815863,0.4703937607021205,0.49461936338972085
535,0.10717414014947237,0.5728738474784214,0.31995201237210624
536,0.3248024776465797,0.4549056503405327,0.22029187201288758
537,0.05019252641139657,0.4809896037847636,0.4688178698038399
538,0.4683111014203873,0.38739427255771536,0.14429462602189738
539,0.10762498094724798,0.5184667774156839,0.3739082416370682
540,0.09676592936810195,0.459870500253064,0.4433635703788341
541,0.0935241299621686,0.3785804573093683,0.5278954127284632
542,0.12848010926159928,0.7332960432813685,0.13822384745703217
543,0.4180742134777525,0.49182898112073264,0.09009680540151493
544,0.12056936475257689,0.48249963539205115,0.39693099985537195
545,0.08189538597869346,0.40660057647351,0.5115040375477966
546,0.6920970835614019,0.25834361251151333,0.049559303927084776
547,0.905374013971357,0.05563951759849425,0.038986468430148725
548,0.5743075905055298,0.292206464807417,0.13348594468705308
549,0.2980369236950058,0.5674375778347178,0.13452549847027637
550,0.37887851532159406,0.5049542221524409,0.11616726252596503
551,0.27566296981191035,0.5434454808070787,0.1808915493810109
552,0.5149463014013445,0.44107031637812044,0.04398338222053511
553,0.18490736955530454,0.6420168064301289,0.17307582401456656
554,0.025414524768751612,0.3185576241132238,0.6560278511180245
555,0.5210080923948782,0.43446606626209905,0.04452584134302277
556,0.43498573696824816,0.33732641133751146,0.2276878516942404
557,0.1632487092364121,0.3323637000807875,0.5043875906828005
558,0.0046154714207533734,0.06562357567995564,0.9297609528992911
559,0.27035587938131644,0.5636817490003233,0.1659623716183602
560,0.06727280211148891,0.4240869383040668,0.5086402595844444
561,0.4415230106710509,0.2513363541727988,0.3071406351561503
562,0.01393675073718129,0.03644641631138465,0.9496168329514341
563,0.1636439554822817,0.46480941081342164,0.3715466337042966
564,0.9209276423283079,0.03245203437283475,0.04662032329885736
565,0.4031600628459289,0.3706120909100176,0.22622784624405354
566,0.08161657019394744,0.728469733670754,0.18991369613529863
567,0.06620581124558,0.6856977923105422,0.24809639644387788
568,0.07880238344386474,0.4049461950434859,0.5162514215126494
569,0.003710591719272456,0.12648152451462905,0.8698078837660984
570,0.0015291495792757203,0.03159313481219301,0.9668777156085312
571,0.05231627790548021,0.7754919898751313,0.1721917322193884
572,0.38530454395124303,0.57413298934507,0.0405624667036869
573,0.15421882119204558,0.3362850848182965,0.5094960939896581
574,0.2984216473540409,0.648374328919623,0.05320402372633615
575,0.042854537323083426,0.43337669317078303,0.5237687695061334
576,0.08735149152310707,0.4333524947178574,0.4792960137590356
577,0.46674333545106483,0.33406606384415516,0.19919060070477998
578,0.0291040185914048,0.2467647558987156,0.7241312255098795
579,0.009919950756910914,0.25345776978566453,0.7366222794574246
580,0.006742386628347909,0.028475186225635385,0.9647824271460166
581,0.010945506590498769,0.0729988728724356,0.9160556205370657
582,0.5357056201712515,0.3743457021784717,0.08994867765027702
583,0.1841554122417572,0.7147408309783982,0.10110375677984446
584,0.03395236195228196,0.2852673657912092,0.6807802722565088
585,0.5315404534335423,0.3727919554690653,0.09566759109739238
586,0.7063599926117111,0.2549724447002984,0.03866756268799043
587,0.004234154154697534,0.04926690541685445,0.946498940428448
588,0.5748828545504898,0.31002103275889525,0.11509611269061497
589,0.0027591779919606814,0.03525595169085283,0.9619848703171866
590,0.16243692793903788,0.4032050448963678,0.43435802716459426
591,0.3719193166743755,0.42845570913098713,0.19962497419463737
592,0.5780866775730403,0.3671958421275201,0.05471748029943966
593,0.03786727542383201,0.11145604801848477,0.8506766765576833
594,0.5270257136904999,0.3783599104129931,0.09461437589650708
595,0.5777092701969477,0.33208389365172597,0.09020683615132638
596,0.14346507392160898,0.30258479285630063,0.5539501332220904
597,0.43389309624496186,0.4004840690324884,0.1656228347225497
598,0.22160775812578873,0.40601535563436975,0.3723768862398415
599,0.5923127518240824,0.3146954428169864,0.09299180535893119
600,0.015897784869015205,0.06494485770931778,0.9191573574216669
601,0.5109890575176564,0.38201579129570024,0.10699515118664317
602,0.002043666775798205,0.014742459535442388,0.9832138736887595
603,0.1284676164985132,0.40800648562875474,0.463525897872732
604,0.08361087323831796,0.38797898279532206,0.5284101439663601
605,0.002338889301072152,0.021283496583133537,0.9763776141157943
606,0.503123303198196,0.4072148479479217,0.08966184885388234
607,0.03685742579935418,0.4740918448277636,0.48905072937288235
608,0.081112299817934,0.3440098533843689,0.5748778467976972
609,0.06343938659534727,0.15386335845276314,0.7826972549518896
610,0.3839652181313998,0.4152415376060545,0.20079324426254577
611,0.24107470630444375,0.7171006729894055,0.041824620706150804
612,0.009765286642675574,0.09358679104567373,0.8966479223116507
613,0.06274823214428507,0.4020395042877899,0.5352122635679251
614,0.2360830921488597,0.3622941394703216,0.4016227683808188
615,0.025647634667333875,0.37012103403948987,0.6042313312931762
616,0.08415165341398077,0.7010084210258086,0.21483992556021062
617,0.01881136488101102,0.23515259692014537,0.7460360381988437
618,0.3816777762815595,0.40735171476500764,0.21097050895343286
619,0.057508938667463136,0.19924456819517647,0.7432464931373604
620,0.21726275444704327,0.5989102228360862,0.18382702271687054
621,0.16084424825012267,0.5418789552959111,0.29727679645396626
622,0.017027627737863194,0.19864608593420302,0.7843262863279338
623,0.5195163132344697,0.4456521021835918,0.03483158458193841
624,0.012774239142379703,0.3581789270829826,0.6290468337746377
625,0.06452106094161192,0.7182872203850897,0.21719171867329842
626,0.47152284130989625,0.36033322101495985,0.16814393767514405
627,0.19353433109009266,0.43502637655323784,0.37143929235666945
628,0.8197083366472933,0.1548969746869944,0.025394688665712473
629,0.2986053656140681,0.43043722202045576,0.2709574123654762
630,0.13450302199800288,0.5427349753701445,0.3227620026318526
631,0.4599789680046249,0.342284118757492,0.19773691323788314
632,0.5606407802494194,0.3264900099235887,0.11286920982699201
633,0.3273008731999061,0.4516201238501724,0.22107900294992158
634,0.28074276914008084,0.5765599529649589,0.14269727789496026
635,0.3087148790279547,0.5373429249425521,0.15394219602949322
636,0.1538221283122661,0.521675134514202,0.32450273717353184
637,0.07205363405650544,0.487475521905584,0.4404708440379107
638,0.30937019886377193,0.5584632155555588,0.1321665855806693
639,0.009211650704844063,0.037688349735008154,0.9530999995601478
640,0.004219477802300582,0.241679156447153,0.7541013657505463
