ID,high,medium,low
1,0.24210534463569214,0.4216258501929226,0.3362688051713853
2,0.2043831802431571,0.44528515424409343,0.35033166551274947
3,0.2051464575367985,0.36603670962637813,0.4288168328368233
4,0.23908851454945623,0.3795085367237223,0.3814029487268214
5,0.19912099530220553,0.3434083288848977,0.4574706758128968
6,0.2174498710472342,0.3408624982192131,0.4416876307335527
7,0.2181377877719224,0.35715023124867545,0.4247119809794022
8,0.2607818199246676,0.3840050705623369,0.3552131095129955
9,0.20817973984035668,0.34202471743695695,0.4497955427226864
10,0.26390515935023384,0.3414609785558246,0.39463386209394163
11,0.22263158477363157,0.4169538728025164,0.3604145424238519
12,0.2217889326623852,0.4276355603890425,0.35057550694857215
13,0.19852299849414734,0.35515226229369484,0.4463247392121578
14,0.21600702089212473,0.3554826819159568,0.4285102971919185
15,0.29640500076138054,0.33536035871494263,0.36823464052367694
16,0.2374763572845633,0.34890887295438533,0.4136147697610514
17,0.23681471281796662,0.32987485831845026,0.43331042886358306
18,0.21948675809774815,0.36323734605150576,0.41727589585074615
19,0.2436152554480324,0.43303207882297695,0.3233526657289906
20,0.2201562186566101,0.4162798120081781,0.3635639693352119
21,0.22473091217847663,0.3744197381167692,0.4008493497047543
22,0.229840518332949,0.34388705392112157,0.4262724277459294
23,0.228388953793321,0.3766350545412459,0.39497599166543307
24,0.2331406586967078,0.37516186277704955,0.39169747852624265
25,0.21869147836115824,0.3881760057779154,0.3931325158609263
26,0.2037043622048912,0.4126800456407034,0.38361559215440544
27,0.22688336625149677,0.3632695240805932,0.4098471096679101
28,0.2107748103062209,0.4325449820949886,0.3566802075987905
29,0.21563735065620698,0.3637583967390516,0.42060425260474144
30,0.2252286473776115,0.4272915411003723,0.34747981152201607
31,0.23142963470991626,0.34572193280029573,0.42284843248978804
32,0.22932354669772004,0.4123050935229311,0.3583713597793488
33,0.2381989055520968,0.3508099939168619,0.4109911005310413
34,0.2195003277775497,0.35421152999762656,0.42628814222482375
35,0.23944503129865474,0.3524505497727871,0.40810441892855814
36,0.19141244095142293,0.33406714891478173,0.4745204101337954
37,0.18624287940985626,0.4367540246294058,0.3770030959607379
38,0.23948234154666675,0.3538364255122795,0.4066812329410536
39,0.31835478322106103,0.3253017591645311,0.3563434576144079
40,0.2709097646590242,0.36085264486313756,0.3682375904778381
41,0.2546991387784543,0.3498561670535254,0.3954446941680204
42,0.22918046511237863,0.37572192765462104,0.3950976072330004
43,0.21329870586542632,0.3419553298084758,0.44474596432609786
44,0.19102115079983367,0.4286733198935396,0.3803055293066268
45,0.20373397319503306,0.4193926036050307,0.37687342319993633
46,0.24979467326310048,0.37426647538413965,0.3759388513527598
47,0.22551628968989318,0.342206950613769,0.43227675969633794
48,0.21515240247192113,0.4174961597199799,0.36735143780809904
49,0.2208531345036543,0.3861821496900374,0.3929647158063084
50,0.2864148367815733,0.3530779492414351,0.36050721397699154
51,0.20866001674005488,0.4317300356433248,0.3596099476166203
52,0.3471897996847502,0.3724971600884616,0.2803130402267881
53,0.2411049552245619,0.369029689324455,0.3898653554509831
54,0.30315426671523993,0.3687137841139766,0.3281319491707835
55,0.19057558551609102,0.3542449184940386,0.4551794959898704
56,0.22153925120788262,0.4173139166759192,0.3611468321161982
57,0.3304218929424722,0.3152091732738611,0.35436893378366674
58,0.18267404645608468,0.3358944387758224,0.4814315147680928
59,0.18604336011509998,0.4385485374961127,0.37540810238878736
60,0.19933247315363511,0.3996086110698913,0.40105891577647357
61,0.2125719214930416,0.36996553580943464,0.41746254269752375
62,0.20960944184180874,0.42626043096161026,0.36413012719658105
63,0.29250679079969116,0.3622953094434145,0.3451978997568944
64,0.22521716143323217,0.3404401564916621,0.4343426820751059
65,0.20006060519924646,0.36085523168659367,0.43908416311415993
66,0.32015513404796814,0.3363757387584889,0.343469127193543
67,0.23135073998576033,0.3466892538503191,0.4219600061639206
68,0.24907181832632444,0.43128836496842543,0.3196398167052501
69,0.2774689853835266,0.3455441444223874,0.37698687019408594
70,0.1836636051485489,0.39930131712650296,0.4170350777249482
71,0.2109480396017132,0.3767043977544373,0.41234756264384953
72,0.251155357703692,0.4281920380119267,0.3206526042843813
73,0.22911744303939735,0.41894300594306827,0.3519395510175345
74,0.22343577935432712,0.36424539488191116,0.4123188257637618
75,0.20051031297910896,0.42763854022571884,0.37185114679517217
76,0.32865992159681395,0.3247462433821809,0.34659383502100516
77,0.22240209379471734,0.404989831149116,0.37260807505616655
78,0.2365382781054906,0.388821838512948,0.3746398833815614
79,0.24623856688957652,0.42653131792087695,0.32723011518954653
80,0.26279374920006093,0.41216148645171213,0.32504476434822693
81,0.1931457108577953,0.3520358268857931,0.4548184622564117
82,0.1931524268476767,0.43059449932688926,0.37625307382543405
83,0.19485503839245952,0.33920302231199195,0.4659419392955485
84,0.21811411889571466,0.39610909921941284,0.38577678188487247
85,0.2191329241488548,0.3953859697888133,0.3854811060623319
86,0.2291146816180722,0.34457505089455037,0.4263102674873774
87,0.20473386883049294,0.38947754288301983,0.4057885882864871
88,0.28427191329427254,0.3233034387549588,0.3924246479507686
89,0.2258759555889053,0.3577113762651181,0.4164126681459766
90,0.24125779617058107,0.3680919605544846,0.3906502432749343
91,0.20327058829423508,0.3316990677356836,0.46503034397008125
92,0.2884063761315169,0.3549751386907332,0.35661848517775
93,0.3287624361420161,0.34997501564351774,0.32126254821446615
94,0.23849795658084938,0.34664658789384684,0.4148554555253038
95,0.3290905305460014,0.34350189213534726,0.3274075773186513
96,0.209432055066244,0.43368472112782447,0.35688322380593157
97,0.26662000820321136,0.3511384383894549,0.3822415534073337
98,0.22394229670803975,0.3874943479297882,0.388563355362172
99,0.23973348600797104,0.3459657919512401,0.4143007220407888
100,0.223578071323528,0.37711024458036513,0.39931168409610696
101,0.22014498193862564,0.3958545287665246,0.38400048929484965
102,0.2071947722099,0.3713939758926177,0.42141125189748235
103,0.2508852324370377,0.39763303673742606,0.3514817308255363
104,0.2621493296031983,0.3778138292791648,0.3600368411176369
105,0.23265541515058596,0.394345235179797,0.37299934966961695
106,0.2543168849046174,0.39477823957107916,0.35090487552430344
107,0.27467495023426386,0.3407359404718088,0.3845891092939273
108,0.23165804660739844,0.3791526084150286,0.38918934497757285
109,0.1958977136906982,0.4181064256241653,0.3859958606851366
110,0.2257325353735728,0.4196529705791414,0.35461449404728573
111,0.1891962909763707,0.3988013939374247,0.41200231508620455
112,0.19768025475200246,0.3821423486152519,0.4201773966327457
113,0.20544752146444772,0.40040135996228626,0.39415111857326607
114,0.32338343145807014,0.3658216742723516,0.3107948942695783
115,0.31183918150887396,0.3514760886989835,0.3366847297921425
116,0.21326920011027045,0.3697906865589275,0.4169401133308021
117,0.21379186002299877,0.3372247037058873,0.44898343627111387
118,0.2088009454241038,0.4269217904401364,0.36427726413575984
119,0.2682031354904955,0.34509270780836676,0.3867041567011377
120,0.22424568893020122,0.39867246230843906,0.37708184876135975
121,0.27821319503716535,0.40408731675743237,0.31769948820540234
122,0.21111786089063875,0.3209851661671684,0.46789697294219285
123,0.1818057321894664,0.3674852244786274,0.45070904333190615
124,0.26289406954973005,0.3490694058047094,0.38803652464556054
125,0.21055060381409374,0.3907231293920918,0.3987262667938145
126,0.1938385373958892,0.4469726211862765,0.35918884141783436
127,0.19251671216078683,0.41462267186774426,0.39286061597146893
128,0.24938304742303913,0.348450949220934,0.40216600335602687
129,0.22505431342095897,0.3737394812712288,0.4012062053078122
130,0.2228043858444171,0.32735899501950266,0.4498366191360802
131,0.220487186738815,0.4292940693429581,0.3502187439182268
132,0.26267611419859505,0.387522209851579,0.3498016759498261
133,0.34987893676092785,0.366374535001091,0.2837465282379812
134,0.21761662685298483,0.3969213544032588,0.3854620187437564
135,0.21653135833281384,0.3424543556279887,0.44101428603919735
136,0.2198484358278195,0.36141658980512903,0.41873497436705137
137,0.2350527312730936,0.3606437229227017,0.4043035458042048
138,0.2221850361043165,0.34598994601268174,0.43182501788300165
139,0.24036556263703376,0.352254908595359,0.4073795287676073
140,0.28818957987625754,0.3498370449350755,0.361973375188667
141,0.17664830779910845,0.3525516093961482,0.47080008280474334
142,0.19069135843210164,0.43323210188224254,0.37607653968565574
143,0.2100283908608788,0.3892432152137191,0.4007283939254021
144,0.24164153725204673,0.37410807166216475,0.38425039108578835
145,0.2424962560344094,0.34976024125752475,0.40774350270806586
146,0.1963292158487418,0.43496942381802023,0.36870136033323786
147,0.21165110641942847,0.4160877170958991,0.37226117648467244
148,0.1998385958523409,0.3756369644189459,0.42452443972871323
149,0.20094926882860564,0.38888330050779635,0.410167430663598
150,0.20776473793281078,0.33300770359002857,0.4592275584771606
151,0.21528906590489705,0.3133583877906761,0.4713525463044267
152,0.2158821187238146,0.39324203233897626,0.39087584893720906
153,0.24653384936184386,0.34839156366039814,0.40507458697775806
154,0.3164782041975958,0.3137854085417546,0.3697363872606496
155,0.20895117209735006,0.3505484426325328,0.4405003852701171
156,0.21836317538818006,0.3774659682945819,0.404170856317238
157,0.24596463349885675,0.3499447415625333,0.40409062493861
158,0.18896596371749974,0.4025304500893871,0.4085035861931132
159,0.25757192114108224,0.38072348657736643,0.36170459228155144
160,0.26467336688772075,0.34536744352054294,0.38995918959173637
161,0.245957304038449,0.3571312149011837,0.39691148106036733
162,0.22390287269287362,0.37832302583519944,0.39777410147192693
163,0.22668713191799514,0.3711913860249961,0.40212148205700876
164,0.21344203914323773,0.4234190660000753,0.36313889485668693
165,0.21716758898093752,0.44142742407564767,0.34140498694341487
166,0.23647639254170918,0.3555951032086208,0.40792850424967014
167,0.19840372493222785,0.4283803479460624,0.3732159271217099
168,0.18401064157915556,0.4164451869464913,0.39954417147435317
169,0.2304940319936857,0.3909089850134483,0.3785969829928661
170,0.21600064103413277,0.37794973703522333,0.40604962193064387
171,0.23337241801242303,0.35612650899812065,0.4105010729894563
172,0.20312700754943536,0.4310006931989194,0.3658722992516452
173,0.22526784125802582,0.3327441376489239,0.4419880210930503
174,0.2521797792029872,0.38701767216138916,0.3608025486356237
175,0.18581681537282158,0.43769000045944806,0.37649318416773037
176,0.18698453605176757,0.3062020677362521,0.5068133962119804
177,0.22878060404038228,0.4033715122485248,0.3678478837110929
178,0.2387949806347106,0.3638190401245721,0.39738597924071734
179,0.18615843145274166,0.4343986870957543,0.3794428814515042
180,0.2354867322704373,0.3336946521033601,0.4308186156262026
181,0.20540437567688086,0.41892669620652834,0.37566892811659086
182,0.20737104133790668,0.3651911683361321,0.42743779032596124
183,0.2683744599105461,0.381177505002014,0.35044803508744005
184,0.21449235492911026,0.39516455871415573,0.39034308635673404
185,0.19906301139375998,0.32777180919108556,0.47316517941515446
186,0.2062908785147045,0.3654399960660763,0.42826912541921913
187,0.20487324580389332,0.42988173007752584,0.3652450241185808
188,0.22222156788953934,0.38424394077004886,0.39353449134041174
189,0.2028353670647207,0.3763176934321322,0.42084693950314706
190,0.2235926369494031,0.3889641920633515,0.38744317098724546
191,0.20260968260260653,0.4019469477820267,0.39544336961536664
192,0.20549069973410478,0.407027736981481,0.3874815632844143
193,0.22932354669772004,0.4123050935229311,0.3583713597793488
194,0.32182363821292903,0.35278715267148514,0.3253892091155857
195,0.20535261443174674,0.3406979298023762,0.45394945576587703
196,0.21777164251068062,0.4190629954828909,0.3631653620064285
197,0.21252107046347649,0.365296489311805,0.4221824402247185
198,0.23646312647192608,0.36669824622626457,0.3968386273018094
199,0.17883790433723687,0.43164181566992943,0.3895202799928336
200,0.18267593658932346,0.3868942132278685,0.43042985018280794
201,0.23412915836799866,0.3489987907743494,0.41687205085765183
202,0.23543451918332514,0.35369715079287806,0.41086833002379686
203,0.19917756949129126,0.4107190627297054,0.3901033677790034
204,0.26696416964226105,0.28093106364589754,0.4521047667118414
205,0.22766781816789927,0.34489721584096045,0.4274349659911403
206,0.20690721601596043,0.34674827394609997,0.44634451003793946
207,0.20191997361746897,0.35060359538466845,0.44747643099786266
208,0.2285054774039693,0.37461753912718954,0.39687698346884115
209,0.26031475815709976,0.3430534467962678,0.3966317950466324
210,0.18156855522276547,0.45369840584514554,0.3647330389320891
211,0.23236805628466878,0.3771880414942135,0.39044390222111774
212,0.1990342519424659,0.3344445089330532,0.4665212391244809
213,0.24979467326310048,0.37426647538413965,0.3759388513527598
214,0.22782003268386325,0.33632664685857616,0.43585332045756053
215,0.2217519554359286,0.34384041837053886,0.4344076261935326
216,0.23107250190935613,0.392465737631511,0.3764617604591328
217,0.2368121189792578,0.35038933277264467,0.41279854824809753
218,0.1866226986180744,0.4304682972835457,0.38290900409837986
219,0.30167583603102743,0.3142321736820587,0.384091990286914
220,0.20309902815927933,0.42355874032426655,0.3733422315164542
221,0.2583550183121439,0.3432129042623301,0.3984320774255259
222,0.20596703730768243,0.39160903908662165,0.402423923605696
223,0.2237261268173971,0.3538886361181419,0.4223852370644609
224,0.195675316187303,0.34623991092159634,0.4580847728911008
225,0.21104363429707698,0.4227154797354704,0.3662408859674526
226,0.24609439028662367,0.33052171196600183,0.42338389774737445
227,0.2153560892241276,0.444488563607651,0.34015534716822143
228,0.1936936876414954,0.4249842599224396,0.38132205243606504
229,0.22003208651250383,0.42392729702010873,0.3560406164673874
230,0.22867821373475225,0.3519821700350877,0.41933961623016014
231,0.17289334224026387,0.41803241862267104,0.40907423913706503
232,0.2114069228219705,0.42417224152865207,0.36442083564937744
233,0.23357122885756074,0.3441794562235466,0.4222493149188927
234,0.20665992268167474,0.4119280316498269,0.38141204566849835
235,0.2012177838585915,0.4387656993005493,0.3600165168408592
236,0.21849252407692998,0.43202503916082935,0.3494824367622406
237,0.24589948597467554,0.35319424303815194,0.40090627098717246
238,0.22547752722936013,0.40436419465435436,0.37015827811628554
239,0.1856589272540919,0.3335978083270655,0.4807432644188427
240,0.17533750130004214,0.40531613431920055,0.4193463643807573
241,0.32505159455872024,0.3482805529060329,0.326667852535247
242,0.2260222013478999,0.3571580301706501,0.41681976848144997
243,0.20986439058739242,0.3752130545869865,0.41492255482562096
244,0.22554974081652765,0.35799280572752595,0.41645745345594637
245,0.22782677298677753,0.3710213494257132,0.4011518775875093
246,0.22926187203646564,0.34606960026011285,0.42466852770342145
247,0.20789596289280904,0.3871590812214892,0.40494495588570195
248,0.35089790942141263,0.300010315009312,0.3490917755692753
249,0.18394290594103851,0.3953499053828369,0.4207071886761245
250,0.22655239942629246,0.4071056017386788,0.3663419988350286
251,0.214265456129967,0.33875269883520215,0.4469818450348309
252,0.230757589216857,0.39847466019713695,0.370767750586006
253,0.23397892405021684,0.3793496503866104,0.38667142556317274
254,0.20121151576834798,0.40626057376726743,0.3925279104643846
255,0.21658831898787187,0.4295058902766199,0.35390579073550826
256,0.2497613960356664,0.39743078211611865,0.35280782184821496
257,0.22229199089133908,0.4027977586852427,0.37491025042341825
258,0.2378659672795559,0.3522192929096202,0.4099147398108239
259,0.30240344348197046,0.3477922375340252,0.34980431898400427
260,0.20051936941029955,0.43079760581186893,0.3686830247778315
261,0.23132160326401577,0.39327748225616105,0.3754009144798232
262,0.19055328416516287,0.4314797443494546,0.3779669714853827
263,0.20050668215003306,0.4525135524290574,0.3469797654209096
264,0.2278850240798733,0.33613731733734326,0.4359776585827835
265,0.29845209844525705,0.36707528641001774,0.33447261514472515
266,0.2674254005930003,0.34986978812104375,0.382704811285956
267,0.30426451247547515,0.31144431099394515,0.38429117653057976
268,0.19976568418749197,0.3285949955523309,0.47163932026017724
269,0.25537388360404073,0.3643836005115212,0.38024251588443814
270,0.19795100020336648,0.4300086935903395,0.372040306206294
271,0.34336568154016933,0.3195514961660863,0.3370828222937444
272,0.20870097697724627,0.3384823316004413,0.4528166914223125
273,0.22498046119454418,0.40924702370594124,0.36577251509951453
274,0.1809302865427552,0.31785050906219375,0.5012192043950511
275,0.19264472978934438,0.4391650873633971,0.3681901828472586
276,0.24740855680940815,0.38296382298167797,0.36962762020891393
277,0.21943355148540114,0.4185293564948065,0.36203709201979245
278,0.20939799492520414,0.44340368414547887,0.347198320929317
279,0.20800767361793046,0.40921549632527476,0.38277683005679486
280,0.1917203406767588,0.3866919606061696,0.4215876987170715
281,0.22548110043072164,0.3799543442965411,0.3945645552727372
282,0.2047927924887083,0.30865636055108703,0.4865508469602047
283,0.2539903433546377,0.3417669944926575,0.4042426621527048
284,0.22152083264552214,0.38350012172299675,0.39497904563148123
285,0.24399425011720002,0.3548660244556991,0.4011397254271009
286,0.22845160516299245,0.320321536797724,0.4512268580392835
287,0.22972646700820096,0.31764023825362386,0.4526332947381751
288,0.28320532317028924,0.35321568868303355,0.3635789881466772
289,0.19154598024181607,0.42065489620475177,0.3877991235534321
290,0.21816115425106503,0.34275032828610624,0.4390885174628288
291,0.2336000758182957,0.4188539321051657,0.34754599207653863
292,0.1800912686232199,0.43665798233365666,0.38325074904312334
293,0.22268868459929567,0.33537136021968883,0.4419399551810154
294,0.16958288822745055,0.4286666617470147,0.40175045002553467
295,0.19623081085995203,0.4453242873734464,0.3584449017666015
296,0.22214381592458615,0.3692115055097065,0.40864467856570735
297,0.23014341493895915,0.3607725196253641,0.40908406543567677
298,0.19982990223257235,0.2987030853384521,0.5014670124289754
299,0.22881326837535426,0.34023731845530053,0.43094941316934526
300,0.20475040274937306,0.4472158514309203,0.34803374581970653
301,0.20773090921382922,0.2998419515923781,0.49242713919379255
302,0.1917783373954063,0.42336657828890145,0.38485508431569215
303,0.22557188758641336,0.36743577413196093,0.4069923382816256
304,0.19588598427751167,0.4113654820252785,0.3927485336972098
305,0.32627355986974343,0.33282775219528066,0.34089868793497585
306,0.22976979288840968,0.3374985031303502,0.43273170398124006
307,0.20145959216513706,0.4336669607316517,0.36487344710321135
308,0.21819327535210756,0.35020938437267785,0.4315973402752147
309,0.26724539849481516,0.38309969745983735,0.3496549040453474
310,0.200493931658662,0.4391856318186995,0.36032043652263845
311,0.22507944280733796,0.42390424424391665,0.3510163129487454
312,0.23270382057998354,0.39442728119805714,0.3728688982219593
313,0.22641716881171464,0.34322382863668377,0.43035900255160164
314,0.20178554690457448,0.3421412500275111,0.4560732030679144
315,0.23321340078010866,0.37232446350057397,0.3944621357193174
316,0.3078154595532628,0.35680128622714025,0.33538325421959697
317,0.22925363972871216,0.3755226030376346,0.39522375723365333
318,0.18135302592403213,0.3343804008373505,0.4842665732386174
319,0.21017129118146413,0.3348529250382425,0.45497578378029335
320,0.296214967880449,0.3630002103172113,0.3407848218023397
321,0.22057685315965206,0.3369745742712958,0.4424485725690523
322,0.3487512829131368,0.34790964597812657,0.3033390711087367
323,0.3109505534212075,0.39406514265144127,0.29498430392735114
324,0.18622050212411415,0.3464480615616163,0.4673314363142696
325,0.24486879854501542,0.35054655111370586,0.4045846503412787
326,0.2391664541864832,0.3964276987323697,0.3644058470811471
327,0.2295768488474091,0.37502798904678614,0.3953951621058047
328,0.23722853603402022,0.33031796892330356,0.43245349504267616
329,0.23541576336944225,0.348103687756616,0.4164805488739418
330,0.2229525890140839,0.3925577087212559,0.38448970226466017
331,0.31101118046901377,0.3135102164870121,0.37547860304397407
332,0.33344578695995813,0.3140996237898756,0.35245458925016626
333,0.20953118085248537,0.44373037675141175,0.34673844239610296
334,0.18927323841105653,0.43279487806725164,0.37793188352169194
335,0.20457726208201388,0.41676688801993633,0.37865584989804985
336,0.21106694471231285,0.34531171189336446,0.4436213433943228
337,0.21149508669434258,0.4048871993597981,0.38361771394585936
338,0.24100382862265643,0.4268950767997254,0.33210109457761816
339,0.2217080884404868,0.36289777798834066,0.4153941335711725
340,0.20686391615225047,0.4110804786949926,0.382055605152757
341,0.23693774729351402,0.38063751984026,0.38242473286622597
342,0.23174001300625025,0.37531502846857984,0.3929449585251699
343,0.2152419745230005,0.43167712254100093,0.3530809029359985
344,0.18672588693693673,0.3822873254364314,0.4309867876266319
345,0.24365475672926973,0.35211663221399253,0.40422861105673774
346,0.20727147267071744,0.4014151130741625,0.39131341425511995
347,0.2386903087958316,0.3489862877209207,0.4123234034832476
348,0.2203127094989121,0.33776855587275106,0.441918734628337
349,0.24152779761458826,0.37821848377528183,0.38025371861012985
350,0.1961780449219675,0.44871629822284825,0.3551056568551842
351,0.22789868809556368,0.39440375004098616,0.37769756186345005
352,0.30511384109794865,0.33511255506628174,0.3597736038357696
353,0.219688526360984,0.41644317751754667,0.3638682961214693
354,0.19301532947082548,0.4513430392799508,0.35564163124922366
355,0.2364723823053011,0.3507606579342597,0.4127669597604392
356,0.2201465266480157,0.36768340641382197,0.4121700669381623
357,0.24843021766412932,0.3515048948381356,0.40006488749773506
358,0.22444061614482094,0.3676562306636247,0.4079031531915543
359,0.2125244592896998,0.37917854016308955,0.4082970005472106
360,0.22665900859801802,0.34773920169570416,0.4256017897062778
361,0.21708353970896302,0.34347148150377976,0.43944497878725725
362,0.1896573691033211,0.4244000702683903,0.3859425606282887
363,0.2227971597261378,0.3775294064183312,0.39967343385553095
364,0.20139390202422122,0.3753788464422274,0.4232272515335514
365,0.21392255851350103,0.34646532683064263,0.43961211465585637
366,0.23072074158805042,0.36195623506287555,0.407323023349074
367,0.20585385245853843,0.3580814934800538,0.4360646540614078
368,0.1935398081820759,0.39228003088056995,0.4141801609373542
369,0.20752460904707143,0.336471317577365,0.4560040733755637
370,0.2594619183222292,0.3578553246843135,0.3826827569934573
371,0.319384954811739,0.390342533608232,0.29027251158002904
372,0.22038370394477116,0.355023944839347,0.4245923512158819
373,0.3480066932211411,0.31029560853708277,0.3416976982417761
374,0.19394598647214753,0.35868519099322577,0.4473688225346266
375,0.1977670304731309,0.3692363387855394,0.43299663074132966
376,0.18474313790125257,0.4335729033315335,0.381683958767214
377,0.20141489831164683,0.4311996304068516,0.36738547128150156
378,0.23897605630065635,0.3560164565990577,0.405007487100286
379,0.2718093426610584,0.3734077153195836,0.3547829420193581
380,0.1933582344044706,0.42029724657628037,0.3863445190192489
381,0.3327837745937089,0.3263247711128949,0.3408914542933962
382,0.2836080397537895,0.3683230373872598,0.3480689228589508
383,0.22850407806468795,0.3745059703628106,0.39698995157250144
384,0.21710656152367247,0.34324652207931744,0.4396469163970101
385,0.21261041225875812,0.4403806019231381,0.3470089858181039
386,0.18781422527130306,0.4407554183253787,0.3714303564033184
387,0.1923922733925944,0.43757373266972327,0.37003399393768244
388,0.2276692051926242,0.42217922395274277,0.350151570854633
389,0.33318215248510774,0.3169887500300925,0.3498290974847997
390,0.22065116209817,0.35311502720196897,0.42623381069986105
391,0.21442497385208234,0.3721512174416563,0.4134238087062614
392,0.22006977950545456,0.42065393884538765,0.3592762816491578
393,0.21505308214657576,0.43027715932983485,0.3546697585235894
394,0.3646534761099026,0.3325188147050931,0.3028277091850042
395,0.224861002252045,0.4134673423634722,0.36167165538448276
396,0.26388657488972916,0.3397251696085927,0.3963882555016781
397,0.20515034980783317,0.4517834767935573,0.3430661733986095
398,0.21298729923050203,0.43167037543819115,0.35534232533130666
399,0.2490231748481854,0.40638726065620706,0.3445895644956075
400,0.2390276461684592,0.3386295627240361,0.42234279110750467
401,0.21995747215998804,0.38798113693857467,0.39206139090143727
402,0.23376322233432179,0.3676139262079079,0.39862285145777027
403,0.26078976470658694,0.3388514855968523,0.40035874969656077
404,0.21787620027841628,0.33562456088029585,0.4464992388412877
405,0.18423598946363667,0.41769082297169746,0.39807318756466586
406,0.35940513156176757,0.3220558887824051,0.3185389796558274
407,0.22505831607517776,0.36638432434609364,0.40855735957872846
408,0.20709570526990698,0.4379438624256055,0.3549604323044874
409,0.19986188157422766,0.3852242276620566,0.4149138907637158
410,0.19583146945453275,0.4208473106273593,0.3833212199181079
411,0.18755571188912878,0.3187300148419406,0.4937142732689307
412,0.2307426963363682,0.3481096307448976,0.42114767291873423
413,0.17921674321311173,0.4138778180262376,0.40690543876065066
414,0.2485753158495053,0.3625688521578833,0.38885583199261126
415,0.2153511829297568,0.34054176096060834,0.44410705610963497
416,0.2119126447892326,0.4217327049999009,0.36635465021086644
417,0.2689660786118932,0.35541488841988045,0.3756190329682264
418,0.33219870151593683,0.3239732099424222,0.34382808854164093
419,0.30626423962567056,0.35066198728465603,0.3430737730896734
420,0.18392765734307426,0.2859880824371783,0.5300842602197473
421,0.22675089696349474,0.3954438538374611,0.3778052491990441
422,0.21671197416118024,0.3407388305887538,0.4425491952500659
423,0.2338280594311831,0.34362028254291827,0.4225516580258986
424,0.2348911886451154,0.35425258684076427,0.4108562245141203
425,0.26314370434616163,0.37178643712954546,0.365069858524293
426,0.21833388308120943,0.36390698309656205,0.41775913382222857
427,0.2627181981850811,0.28095218364554436,0.4563296181693747
428,0.2144517553751538,0.3811582192844722,0.40439002534037405
429,0.29862698534350585,0.3352345291988871,0.3661384854576071
430,0.20204492389461642,0.3509819901607499,0.44697308594463364
431,0.24479408368094288,0.36959255409174546,0.3856133622273116
432,0.2422398859018335,0.35354502845604885,0.40421508564211767
433,0.2163214734818843,0.3835967649969211,0.4000817615211947
434,0.23104124253415104,0.39344527726552614,0.3755134802003229
435,0.1987129347712713,0.44349730629498224,0.3577897589337465
436,0.23107485061337926,0.39240271488500617,0.3765224345016146
437,0.241484057730674,0.3482580399626456,0.4102579023066806
438,0.1899953619468048,0.393983784367133,0.41602085368606234
439,0.22485880123482616,0.3404870176239996,0.4346541811411743
440,0.1741456317089866,0.3897957306305968,0.4360586376604166
441,0.23671323053030796,0.3660657670077763,0.3972210024619159
442,0.20366524688002655,0.4423527827013468,0.35398197041862667
443,0.22250003561011789,0.3947870533911861,0.382712910998696
444,0.19772234663715393,0.3367368404132826,0.46554081294956345
445,0.19748875882054995,0.32867541218465357,0.4738358289947965
446,0.18436229044654434,0.43476027572055825,0.38087743383289746
447,0.23141437120213373,0.34713077805319525,0.421454850744671
448,0.22044626219276622,0.3992049459786216,0.3803487918286121
449,0.21628466495815213,0.3776810220227258,0.40603431301912213
450,0.3181059140560882,0.30932748700980967,0.37256659893410204
451,0.19944394790692246,0.433070368112881,0.3674856839801966
452,0.20295389977458334,0.40384788474181854,0.39319821548359807
453,0.2224001230898199,0.42813485661475975,0.34946502029542037
454,0.25497351561193,0.33966847532487604,0.4053580090631939
455,0.23656559072001088,0.3502542063843803,0.41318020289560875
456,0.2288727813635516,0.35290708805027915,0.41822013058616925
457,0.21311872853114852,0.4228362337626038,0.36404503770624763
458,0.2656781179738674,0.3382863959070038,0.3960354861191287
459,0.29594345539698064,0.35647860391832165,0.34757794068469766
460,0.23473726831375086,0.4128552830480868,0.3524074486381624
461,0.17540735772638563,0.45067804303278847,0.37391459924082593
462,0.2072058446848569,0.41361523675807554,0.3791789185570677
463,0.24937236280990427,0.35531560064191525,0.3953120365481805
464,0.18356347593996725,0.43940881319844854,0.37702771086158415
465,0.3314964711114686,0.3156946205114897,0.3528089083770416
466,0.32287764237362804,0.3427015848322989,0.33442077279407306
467,0.21150773379750779,0.3839151125697342,0.4045771536327581
468,0.21581499905663884,0.3797831152762907,0.4044018856670705
469,0.2127617378003357,0.382166514768824,0.4050717474308404
470,0.23035290751842458,0.35433876920166285,0.4153083232799126
471,0.2300693893774962,0.35223152931323304,0.41769908130927075
472,0.19354578458175978,0.4370551802746478,0.36939903514359257
473,0.31058391236008537,0.3137597080539671,0.3756563795859475
474,0.221992999535589,0.34911847215510483,0.4288885283093062
475,0.27094007450378665,0.36946129178915227,0.359598633707061
476,0.2225226532771836,0.4140168780762905,0.36346046864652587
477,0.23146593738953394,0.36544035334268976,0.4030937092677764
478,0.23308485652449304,0.41020687762374775,0.35670826585175924
479,0.19914770138188337,0.40302894763843455,0.39782335097968197
480,0.22525193228423412,0.36691459649142355,0.4078334712243422
481,0.2226131683898725,0.3733073600897152,0.4040794715204123
482,0.22806863451098763,0.4212137302428863,0.35071763524612615
483,0.1854581024168172,0.4115471093593669,0.40299478822381596
484,0.22574253557005086,0.34233664207180853,0.4319208223581406
485,0.21933773469058887,0.3796780853500004,0.40098417995941077
486,0.20465238357206453,0.4020934611878057,0.39325415524012985
487,0.3181059140560882,0.30932748700980967,0.37256659893410204
488,0.21228368287310675,0.4094580454559307,0.37825827167096243
489,0.1895724383491945,0.3491295972811865,0.46129796436961895
490,0.2064158929793505,0.3723087148041313,0.4212753922165183
491,0.18919211100855066,0.41632337556213955,0.3944845134293099
492,0.2255221559893147,0.41315258003061583,0.36132526398006953
493,0.21772494131779035,0.3647561661184715,0.4175188925637381
494,0.30187873372130397,0.3131794035778803,0.3849418627008157
495,0.18504398004109907,0.42306738011369077,0.3918886398452102
496,0.33882820138316205,0.3398438093870828,0.3213279892297551
497,0.1853196106146611,0.4235950212179523,0.39108536816738665
498,0.21391952092832114,0.30383287598658937,0.48224760308508946
499,0.20409422367903204,0.4285342371704003,0.3673715391505676
500,0.3129159237336249,0.4028806734736867,0.2842034027926883
501,0.20165791496984056,0.3319707489453937,0.4663713360847656
502,0.23752740248538906,0.3484048553793853,0.41406774213522557
503,0.21222000520678594,0.3394995865250197,0.44828040826819415
504,0.18678736819830713,0.4417259714783339,0.3714866603233588
505,0.2407419398230553,0.33877865263484935,0.4204794075420954
506,0.21591251426091385,0.31458967764098017,0.469497808098106
507,0.25921411174816295,0.34030684958820745,0.4004790386636296
508,0.21006810713968574,0.39958708609600135,0.39034480676431293
509,0.2650446343293087,0.3586366807874656,0.3763186848832257
510,0.219065431599317,0.3805301435338,0.4004044248668831
511,0.19668981092309118,0.4160174481642118,0.387292740912697
512,0.3027432451477083,0.3132503825327083,0.3840063723195834
513,0.19786533093330352,0.4327577861729048,0.36937688289379156
514,0.19043511997361515,0.3281958529563359,0.48136902707004897
515,0.1916352421261144,0.3737497007133273,0.43461505716055815
516,0.20403204605478542,0.3553524148999873,0.4406155390452273
517,0.2602476196837483,0.358806299111603,0.3809460812046487
518,0.2508852324370377,0.39763303673742606,0.3514817308255363
519,0.2378810640626607,0.3564437976771588,0.40567513826018053
520,0.19284906049099773,0.42589715586797533,0.3812537836410269
521,0.30626423962567056,0.35066198728465603,0.3430737730896734
522,0.16479659698661914,0.32167579350397607,0.5135276095094046
523,0.19123792193348532,0.4263442156874038,0.38241786237911096
524,0.1793851350584229,0.4063345595656426,0.4142803053759344
525,0.24584148189931676,0.3511667629913976,0.40299175510928564
526,0.2968546322582017,0.35419315373209587,0.3489522140097025
527,0.1949418869716303,0.4019453912747229,0.4031127217536467
528,0.365584569345588,0.3194155307990205,0.31499989985539145
529,0.3232299356304935,0.343289900757888,0.3334801636116184
530,0.23116293390828604,0.34563069050651235,0.4232063755852016
531,0.2363331517403387,0.4019033540828296,0.36176349417683173
532,0.2722374709346986,0.28828674505956,0.4394757840057414
533,0.20361012512133833,0.4213867685389104,0.37500310633975137
534,0.19888527238864945,0.4277464251838137,0.3733683024275368
535,0.22003208651250383,0.42392729702010873,0.3560406164673874
536,0.1942068273290802,0.43202774048393633,0.3737654321869835
537,0.19235155159751474,0.44472122385320184,0.3629272245492835
538,0.248745523254745,0.3866907126147467,0.36456376413050834
539,0.229915262034584,0.35432051404550186,0.4157642239199141
540,0.22908969448080058,0.3439050859206998,0.4270052195984995
541,0.21113083449345113,0.3908635347967048,0.39800563070984407
542,0.18094665176048133,0.4435500325336478,0.37550331570587075
543,0.2209283793593871,0.41921973068497703,0.35985188995563594
544,0.2221396772622036,0.3938803424674109,0.3839799802703855
545,0.28802550660600634,0.3655862457122854,0.34638824768170823
546,0.33829743271392554,0.3128483986644259,0.34885416862164853
547,0.3325931676398905,0.30827361830215094,0.35913321405795867
548,0.22463215052252308,0.33116804559491425,0.44419980388256275
549,0.2176739356168262,0.39032755222648813,0.3919985121566857
550,0.20138235181837774,0.43795189098725895,0.36066575719436345
551,0.21554188423100176,0.42224786870669845,0.36221024706229965
552,0.27276689547991706,0.3825930392269316,0.34464006529315133
553,0.22239733878592752,0.4293703702916043,0.3482322909224682
554,0.19215555423944825,0.35661737626438433,0.4512270694961675
555,0.25111128765491814,0.34055613711826627,0.40833257522681565
556,0.24072037791923626,0.34366468847996623,0.41561493360079754
557,0.23697152457739826,0.3518767197657525,0.4111517556568492
558,0.20862642420405883,0.39266259642725926,0.3987109793686819
559,0.1933943325874739,0.4457807517296412,0.3608249156828849
560,0.16962064522619982,0.4156208002271892,0.4147585545466111
561,0.3412425360286918,0.3156787121428356,0.3430787518284726
562,0.19951962734340875,0.34400079880738055,0.4564795738492108
563,0.1968333932536525,0.3932994384475179,0.40986716829882963
564,0.378590807464359,0.3123035963315214,0.30910559620411965
565,0.18428295652460913,0.4426499909687156,0.3730670525066752
566,0.17719567319339807,0.44947712889362174,0.3733271979129803
567,0.17934765048270415,0.4385945828714388,0.38205776664585694
568,0.21459255575117842,0.3800557957847857,0.40535164846403576
569,0.17054630093682857,0.3719728769754369,0.4574808220877345
570,0.18177096106057744,0.3193973090055608,0.4988317299338617
571,0.17650365606674365,0.4457937196157559,0.37770262431750046
572,0.21141069195572876,0.4261625986355252,0.3624267094087461
573,0.2288727813635516,0.35290708805027915,0.41822013058616925
574,0.21630993841826715,0.4365848973627541,0.3471051642189787
575,0.19056084500326817,0.4102538650913531,0.39918528990537866
576,0.23656241350072213,0.3666455653701938,0.39679202112908407
577,0.24570203027854395,0.3413941310816462,0.41290383863980995
578,0.190811603612883,0.3378545323231224,0.4713338640639946
579,0.18322779455171967,0.4401220237867516,0.37665018166152875
580,0.14993614402933242,0.2756151382167663,0.5744487177539013
581,0.1833397086721035,0.3916299933501304,0.4250302979777662
582,0.2288307039833965,0.4018041758983273,0.3693651201182762
583,0.1980859275821611,0.42453672225859557,0.37737735015924323
584,0.22926076608173002,0.3427300693288945,0.42800916458937555
585,0.24592366949050498,0.4130731324355709,0.34100319807392415
586,0.3313330110850598,0.3448511568121676,0.32381583210277254
587,0.20472918573880822,0.3287917385194714,0.4664790757417203
588,0.3556802610882623,0.29882936550685046,0.34549037340488714
589,0.16599376662770784,0.344414130803563,0.48959210256872915
590,0.22440102950154645,0.36027799920586306,0.41532097129259055
591,0.26659514341757534,0.3434920939890765,0.38991276259334817
592,0.2753570534753288,0.39792658582142987,0.32671636070324145
593,0.20253275676920873,0.3277033136151859,0.46976392961560537
594,0.28727071192863823,0.36583080821364133,0.34689847985772043
595,0.23943119706046828,0.3391040883597,0.42146471457983176
596,0.2208511004249745,0.35190633321939085,0.4272425663556346
597,0.3262398028515494,0.3268712019065175,0.3468889952419331
598,0.22510621268042882,0.3968241487594825,0.37806963856008863
599,0.2118064867998477,0.4121115138381758,0.3760819993619764
600,0.23260160066051166,0.3317479464771484,0.43565045286233994
601,0.1888687766348327,0.41625009919109884,0.39488112417406845
602,0.17238757290088685,0.34625391958610635,0.48135850751300674
603,0.23427561041904818,0.3792806284514432,0.3864437611295086
604,0.24577717095716273,0.38899651639768645,0.3652263126451509
605,0.164273757587738,0.33507394301045196,0.50065229940181
606,0.27549620152471843,0.35743268634223563,0.36707111213304583
607,0.19140025940644556,0.42665063820450055,0.38194910238905394
608,0.2040538379228444,0.3534232025642324,0.44252295951292325
609,0.2328265850791534,0.32027593762144363,0.4468974772994031
610,0.21658831898787187,0.4295058902766199,0.35390579073550826
611,0.32237072802588396,0.3951789856772764,0.28245028629683977
612,0.1831359760025062,0.3868445325681579,0.4300194914293359
613,0.21206456442448732,0.39570577038550253,0.3922296651900102
614,0.22498956560460015,0.3665778802947306,0.40843255410066914
615,0.22388404449374336,0.2953902699086438,0.4807256855976127
616,0.1946090842633765,0.4386578553779974,0.3667330603586261
617,0.19545712417401348,0.39098455779712243,0.41355831802886417
618,0.24840075962275118,0.3513704163979849,0.4002288239792639
619,0.18236937988808863,0.44790467780039556,0.3697259423115158
620,0.21713269227588292,0.4285555117166551,0.35431179600746204
621,0.19864790600777868,0.4499140169757442,0.35143807701647717
622,0.21596116721238745,0.38409408494889774,0.3999447478387149
623,0.21957745887766886,0.4415644875486228,0.33885805357370835
624,0.2201942873797226,0.3851590427788317,0.39464666984144564
625,0.1951313021776782,0.43010270762169495,0.3747659902006268
626,0.23218682810450816,0.384441678464581,0.3833714934309108
627,0.23432813641045414,0.3479830141797357,0.4176888494098102
628,0.34615055165105335,0.31104226273876157,0.342807185610185
629,0.22024007919774619,0.4136246763666466,0.3661352444356072
630,0.19207790955279053,0.3946004593731086,0.4133216310741008
631,0.2276881805172563,0.33824330768516264,0.43406851179758105
632,0.3953652077342113,0.3020411593221463,0.30259363294364233
633,0.20764573015042695,0.4293322983497758,0.3630219714997972
634,0.20199751188515128,0.4390530771838602,0.3589494109309885
635,0.20064101919999575,0.4404983664140692,0.3588606143859351
636,0.19725648286835554,0.4045257800185548,0.39821773711308955
637,0.20288607298961175,0.4366040661198914,0.36050986089049686
638,0.2210478677498919,0.39795808843327507,0.38099404381683294
639,0.163122012120217,0.34712260234515274,0.4897553855346302
640,0.18765675362039513,0.3457044112838627,0.4666388350957421
641,0.18983387714004446,0.43699028170168,0.3731758411582757
642,0.22579095366426907,0.4134361223774906,0.3607729239582404
