ID,high,medium,low
1,0.324947079,0.478545535,0.196507387
2,0.203400564,0.502708534,0.293890902
3,0.17111234,0.357593393,0.471294267
4,0.363261768,0.499918369,0.136819862
5,0.129589277,0.285371808,0.585038914
6,0.198919809,0.387108379,0.413971812
7,0.235522648,0.330657026,0.433820326
8,0.387575752,0.416197981,0.196226267
9,0.169232237,0.256251917,0.574515847
10,0.296895943,0.24256567,0.460538387
11,0.263569724,0.48473967,0.251690606
12,0.244331936,0.614319081,0.141348983
13,0.091322689,0.224150492,0.684526819
14,0.207800539,0.353402591,0.43879687
15,0.25961454,0.327341921,0.413043539
16,0.276279127,0.386193676,0.337527197
17,0.318084466,0.255459124,0.42645641
18,0.285218064,0.314976096,0.399805839
19,0.575473327,0.389328632,0.035198041
20,0.30990066,0.566380795,0.123718545
21,0.2439587,0.43186394,0.32417736
22,0.251035893,0.270973884,0.477990222
23,0.336204178,0.439279835,0.224515987
24,0.353882635,0.483441021,0.162676345
25,0.228809473,0.425733247,0.34545728
26,0.260516381,0.504260005,0.235223615
27,0.235522648,0.330657026,0.433820326
28,0.157091271,0.48855056,0.354358169
29,0.209445269,0.348650748,0.441903983
30,0.406222406,0.45237043,0.141407164
31,0.25961454,0.327341921,0.413043539
32,0.326588126,0.491307068,0.182104806
33,0.251035893,0.270973884,0.477990222
34,0.141885647,0.238694512,0.619419841
35,0.22269589,0.291193582,0.486110528
36,0.089029446,0.192784983,0.718185571
37,0.145378859,0.539569336,0.315051805
38,0.430296207,0.280094559,0.289609234
39,0.200254931,0.246466801,0.553278268
40,0.491244182,0.259483938,0.24927188
41,0.410607666,0.393719055,0.195673279
42,0.290837964,0.41778961,0.291372426
43,0.12981842,0.293146547,0.577035033
44,0.172537662,0.522818242,0.304644096
45,0.197793296,0.46039816,0.341808544
46,0.289382854,0.48847851,0.222138636
47,0.22683192,0.320563643,0.452604437
48,0.288009513,0.53065571,0.181334777
49,0.248785633,0.43842536,0.312789007
50,0.290327159,0.385881273,0.323791568
51,0.182137643,0.412567477,0.40529488
52,0.387717353,0.443745395,0.168537252
53,0.371071299,0.372770951,0.256157751
54,0.399994818,0.391915089,0.208090093
55,0.05934948,0.176840856,0.763809664
56,0.263569724,0.48473967,0.251690606
57,0.188179395,0.290071529,0.521749077
58,0.066129161,0.15425154,0.779619299
59,0.141669744,0.437358746,0.42097151
60,0.145259732,0.414992066,0.439748201
61,0.221718887,0.45483162,0.323449493
62,0.204311733,0.452828129,0.342860138
63,0.476516711,0.438056731,0.085426557
64,0.261982018,0.357013468,0.381004514
65,0.160833146,0.400235475,0.43893138
66,0.359093196,0.39259987,0.248306934
67,0.217494141,0.263133813,0.519372046
68,0.27063128,0.688284772,0.041083948
69,0.22683192,0.320563643,0.452604437
70,0.085708891,0.368289781,0.546001328
71,0.18994355,0.403235616,0.406820835
72,0.343820547,0.605458226,0.050721227
73,0.27500968,0.519430645,0.205559676
74,0.299264304,0.389400623,0.311335073
75,0.186675951,0.450416094,0.362907954
76,0.251035893,0.270973884,0.477990222
77,0.333121001,0.463675484,0.203203514
78,0.320655103,0.539157438,0.14018746
79,0.313723234,0.515134933,0.171141834
80,0.37960472,0.469559599,0.150835681
81,0.101117706,0.184113713,0.714768582
82,0.169913957,0.501748841,0.328337201
83,0.089553012,0.163189652,0.747257336
84,0.287713024,0.454045299,0.258241677
85,0.211806968,0.414741757,0.373451275
86,0.22269589,0.291193582,0.486110528
87,0.145873623,0.325959748,0.52816663
88,0.162737451,0.281162907,0.556099642
89,0.300835597,0.405810315,0.293354088
90,0.372483523,0.346219291,0.281297186
91,0.163535216,0.229115683,0.6073491
92,0.26918632,0.408063339,0.322750341
93,0.390472284,0.29372906,0.315798656
94,0.200254931,0.246466801,0.553278268
95,0.291961171,0.388053081,0.319985748
96,0.233729393,0.471774287,0.29449632
97,0.22683192,0.320563643,0.452604437
98,0.313211796,0.473650118,0.213138086
99,0.22683192,0.320563643,0.452604437
100,0.258249438,0.462487936,0.279262626
101,0.259359413,0.369693021,0.370947566
102,0.185311287,0.411438014,0.403250699
103,0.387717353,0.443745395,0.168537252
104,0.332412509,0.404520034,0.263067457
105,0.353612137,0.453610671,0.192777191
106,0.399994818,0.391915089,0.208090093
107,0.480040545,0.275961984,0.243997471
108,0.220513137,0.358311648,0.421175215
109,0.18208691,0.466421648,0.351491442
110,0.362537768,0.489206449,0.148255783
111,0.120446055,0.389965166,0.489588779
112,0.189350564,0.401494288,0.409155148
113,0.164740667,0.479106603,0.35615273
114,0.235729259,0.435724562,0.328546179
115,0.522122379,0.396229266,0.081648356
116,0.242252929,0.463489787,0.294257284
117,0.202408959,0.342697952,0.454893089
118,0.187571838,0.416065387,0.396362774
119,0.379308042,0.385860563,0.234831395
120,0.296562036,0.46323472,0.240203244
121,0.384671894,0.447184977,0.168143128
122,0.131596174,0.21952976,0.648874065
123,0.068697688,0.215393741,0.715908571
124,0.261982018,0.357013468,0.381004514
125,0.171762109,0.422271579,0.405966312
126,0.215109887,0.51146761,0.273422504
127,0.181461731,0.468827049,0.34971122
128,0.251035893,0.270973884,0.477990222
129,0.258782872,0.385513017,0.355704111
130,0.232499758,0.255305538,0.512194703
131,0.24759452,0.447244415,0.305161065
132,0.335101255,0.396413867,0.268484878
133,0.312474005,0.468371803,0.219154192
134,0.275016254,0.465784679,0.259199067
135,0.17582447,0.278026608,0.546148922
136,0.275381629,0.346939773,0.377678598
137,0.18494581,0.263777066,0.551277124
138,0.193925337,0.323078524,0.482996139
139,0.232499758,0.255305538,0.512194703
140,0.209572533,0.374409996,0.416017471
141,0.059769626,0.288473416,0.651756958
142,0.159431399,0.484317622,0.356250979
143,0.189738159,0.380599413,0.429662427
144,0.185510666,0.330124819,0.484364514
145,0.395937838,0.3751448,0.228917362
146,0.128307566,0.439783579,0.431908854
147,0.273179645,0.489864094,0.236956262
148,0.098802573,0.261778403,0.639419024
149,0.124294292,0.311297669,0.564408039
150,0.140446461,0.304282156,0.555271383
151,0.186513822,0.247074854,0.566411324
152,0.115899506,0.357812347,0.526288148
153,0.332759805,0.530851935,0.13638826
154,0.251035893,0.270973884,0.477990222
155,0.107767831,0.175212094,0.717020075
156,0.206428677,0.344088768,0.449482556
157,0.251035893,0.270973884,0.477990222
158,0.175863016,0.401185453,0.422951531
159,0.451037712,0.29756782,0.251394468
160,0.411154102,0.403316501,0.185529397
161,0.22683192,0.320563643,0.452604437
162,0.155732654,0.305013374,0.539253972
163,0.290837964,0.41778961,0.291372426
164,0.275633912,0.537357063,0.187009025
165,0.21778724,0.644046645,0.138166114
166,0.291522434,0.316046866,0.3924307
167,0.222347921,0.54866826,0.22898382
168,0.135209933,0.46126408,0.403525987
169,0.37960472,0.469559599,0.150835681
170,0.263546057,0.347999791,0.388454152
171,0.168846558,0.261484161,0.569669281
172,0.176248201,0.52139794,0.302353858
173,0.255942264,0.29858922,0.445468516
174,0.295054782,0.448461725,0.256483493
175,0.147489441,0.406563384,0.445947175
176,0.10723607,0.188743325,0.704020605
177,0.344002733,0.491745688,0.164251579
178,0.372276586,0.320161731,0.307561683
179,0.158497438,0.506443424,0.335059138
180,0.30294444,0.26750294,0.429552621
181,0.236261415,0.471131027,0.292607558
182,0.263546057,0.347999791,0.388454152
183,0.462430813,0.42795313,0.109616058
184,0.210100233,0.404496432,0.385403335
185,0.112316127,0.213655133,0.67402874
186,0.227735027,0.457966699,0.314298274
187,0.29148432,0.554649002,0.153866678
188,0.276573026,0.469984148,0.253442826
189,0.174124141,0.48735712,0.33851874
190,0.237509892,0.449693224,0.312796884
191,0.154802724,0.457990058,0.387207217
192,0.212676159,0.430658028,0.356665813
193,0.326588126,0.491307068,0.182104806
194,0.269323824,0.460397742,0.270278434
195,0.162089586,0.331277912,0.506632502
196,0.298527745,0.508130968,0.193341287
197,0.166999424,0.291987786,0.541012789
198,0.36940693,0.371098958,0.259494112
199,0.116498245,0.40957966,0.473922094
200,0.089858952,0.269605227,0.640535821
201,0.19899948,0.311740494,0.489260026
202,0.189891904,0.292711297,0.517396799
203,0.215127838,0.423323675,0.361548487
204,0.08710414,0.114715669,0.79818019
205,0.205942498,0.273943932,0.52011357
206,0.276231178,0.373495049,0.350273773
207,0.123792553,0.283467751,0.592739696
208,0.290837964,0.41778961,0.291372426
209,0.375181074,0.412496023,0.212322903
210,0.149137917,0.496930611,0.353931471
211,0.244402595,0.400309545,0.355287861
212,0.093167509,0.208929199,0.697903293
213,0.289382854,0.48847851,0.222138636
214,0.25961454,0.327341921,0.413043539
215,0.189891904,0.292711297,0.517396799
216,0.306319649,0.458906996,0.234773356
217,0.251035893,0.270973884,0.477990222
218,0.119390784,0.441260082,0.439349134
219,0.157806949,0.252264501,0.58992855
220,0.232570303,0.450616948,0.316812748
221,0.353049976,0.23406537,0.412884654
222,0.157544294,0.407606517,0.434849189
223,0.231353314,0.364341288,0.404305398
224,0.123385837,0.452481396,0.424132767
225,0.236542933,0.527914848,0.23554222
226,0.268196083,0.304263488,0.427540429
227,0.283422416,0.45995879,0.256618794
228,0.167901806,0.467525818,0.364572376
229,0.280755467,0.541324064,0.177920468
230,0.33425601,0.376358216,0.289385774
231,0.120491632,0.431353787,0.448154581
232,0.178931118,0.415105995,0.405962887
233,0.251035893,0.270973884,0.477990222
234,0.172575781,0.576012475,0.251411744
235,0.268710843,0.48312987,0.248159287
236,0.32566164,0.519932981,0.154405379
237,0.271807022,0.300951321,0.427241657
238,0.189157981,0.454127737,0.356714282
239,0.054461099,0.13451594,0.811022961
240,0.099492546,0.341568926,0.558938528
241,0.248785633,0.43842536,0.312789007
242,0.29342561,0.38947863,0.31709576
243,0.168159291,0.325153569,0.506687139
244,0.300835597,0.405810315,0.293354088
245,0.290837964,0.41778961,0.291372426
246,0.22683192,0.320563643,0.452604437
247,0.270730128,0.419146271,0.310123601
248,0.354572986,0.35648711,0.288939904
249,0.081283467,0.299009518,0.619707015
250,0.326588126,0.491307068,0.182104806
251,0.162737451,0.281162907,0.556099642
252,0.313211796,0.473650118,0.213138086
253,0.291961171,0.388053081,0.319985748
254,0.207582324,0.413534607,0.378883068
255,0.204852751,0.428279648,0.366867601
256,0.394555377,0.417816981,0.187627642
257,0.293011808,0.58051749,0.126470701
258,0.255942264,0.29858922,0.445468516
259,0.521198543,0.37306783,0.105733627
260,0.188026303,0.548289675,0.263684022
261,0.259540397,0.398648882,0.341810721
262,0.222283419,0.443437002,0.334279579
263,0.227959375,0.472933724,0.299106901
264,0.25961454,0.327341921,0.413043539
265,0.48995436,0.302308032,0.207737608
266,0.379459528,0.349125301,0.27141517
267,0.217494141,0.263133813,0.519372046
268,0.112316127,0.213655133,0.67402874
269,0.468562255,0.377643363,0.153794382
270,0.148189227,0.390223206,0.461587568
271,0.251035893,0.270973884,0.477990222
272,0.118984019,0.205860601,0.67515538
273,0.360442088,0.51621774,0.123340172
274,0.062176832,0.15344843,0.784374737
275,0.198875314,0.461849614,0.339275072
276,0.234822156,0.493695811,0.271482033
277,0.297361914,0.51680325,0.185834837
278,0.20505992,0.477147774,0.317792305
279,0.241365091,0.490296052,0.268338857
280,0.137973449,0.425371881,0.43665467
281,0.371724263,0.378827863,0.249447874
282,0.113421668,0.245554266,0.641024066
283,0.180232075,0.308020504,0.511747421
284,0.219414115,0.324740703,0.455845182
285,0.279157213,0.274539168,0.446303619
286,0.350224434,0.411306554,0.238469012
287,0.251035893,0.270973884,0.477990222
288,0.237938068,0.404274179,0.357787753
289,0.162519226,0.378887438,0.458593336
290,0.196956585,0.354637406,0.44840601
291,0.493741792,0.426462462,0.079795747
292,0.104355081,0.444480111,0.451164808
293,0.244092225,0.353840883,0.402066892
294,0.079064113,0.342218957,0.57871693
295,0.23188575,0.53901009,0.22910416
296,0.321203718,0.488043398,0.190752884
297,0.188653566,0.398011234,0.4133352
298,0.101797851,0.185255199,0.712946949
299,0.25961454,0.327341921,0.413043539
300,0.165378419,0.456828784,0.377792798
301,0.09808578,0.150893661,0.75102056
302,0.161442314,0.384883818,0.453673868
303,0.290837964,0.41778961,0.291372426
304,0.17766572,0.381360993,0.440973287
305,0.25961454,0.327341921,0.413043539
306,0.246692853,0.426322528,0.326984619
307,0.225447698,0.556173249,0.218379053
308,0.259120819,0.356685048,0.384194133
309,0.380153528,0.435614119,0.184232352
310,0.220051846,0.562327413,0.217620741
311,0.310024558,0.533319825,0.156655617
312,0.353612137,0.453610671,0.192777191
313,0.22683192,0.320563643,0.452604437
314,0.113134936,0.198798074,0.68806699
315,0.207427742,0.365570272,0.427001986
316,0.165468672,0.378486409,0.456044919
317,0.290837964,0.41778961,0.291372426
318,0.048210671,0.121136952,0.830652377
319,0.153525812,0.291634255,0.554839933
320,0.25961454,0.327341921,0.413043539
321,0.229815579,0.351018545,0.419165876
322,0.223894612,0.424962983,0.351142405
323,0.252997221,0.511496945,0.235505834
324,0.091405985,0.234142913,0.674451102
325,0.255942264,0.29858922,0.445468516
326,0.222965434,0.457388773,0.319645793
327,0.291961171,0.388053081,0.319985748
328,0.323255349,0.280585472,0.396159179
329,0.200254931,0.246466801,0.553278268
330,0.283354986,0.457807179,0.258837835
331,0.22269589,0.291193582,0.486110528
332,0.255942264,0.29858922,0.445468516
333,0.162740833,0.667194391,0.170064776
334,0.166060533,0.421674576,0.412264891
335,0.234250627,0.487625907,0.278123466
336,0.183976144,0.305659057,0.510364799
337,0.103335909,0.360916085,0.535748006
338,0.226593467,0.560991551,0.212414982
339,0.298571142,0.435293506,0.266135351
340,0.150767459,0.343288705,0.505943836
341,0.363261768,0.499918369,0.136819862
342,0.293829063,0.373843907,0.332327029
343,0.222216488,0.641314288,0.136469224
344,0.132850354,0.336132648,0.531016998
345,0.251035893,0.270973884,0.477990222
346,0.154361144,0.384947529,0.460691327
347,0.342929391,0.417940764,0.239129845
348,0.229815579,0.351018545,0.419165876
349,0.26918632,0.408063339,0.322750341
350,0.205550389,0.4998362,0.294613411
351,0.244721402,0.382387469,0.37289113
352,0.333327712,0.321301386,0.345370902
353,0.229814806,0.409145039,0.361040156
354,0.158449344,0.620097952,0.221452703
355,0.255942264,0.29858922,0.445468516
356,0.276207979,0.403635052,0.320156969
357,0.25961454,0.327341921,0.413043539
358,0.184394367,0.362609527,0.452996105
359,0.19304625,0.365995959,0.440957792
360,0.242516126,0.311070876,0.446412997
361,0.134437579,0.237167556,0.628394864
362,0.116711612,0.369280948,0.51400744
363,0.223894612,0.424962983,0.351142405
364,0.152004831,0.265579688,0.582415481
365,0.124118488,0.232092752,0.64378876
366,0.316894924,0.335848238,0.347256838
367,0.139455141,0.302604661,0.557940198
368,0.183963565,0.332024483,0.484011952
369,0.168846558,0.261484161,0.569669281
370,0.351317997,0.338580816,0.310101186
371,0.581948254,0.381047492,0.037004253
372,0.260210567,0.387122155,0.352667278
373,0.251035893,0.270973884,0.477990222
374,0.160477587,0.323445898,0.516076515
375,0.182567078,0.30758344,0.509849482
376,0.170135319,0.519900566,0.309964115
377,0.120427484,0.462103192,0.417469324
378,0.377327983,0.388017751,0.234654267
379,0.415885739,0.430646001,0.15346826
380,0.180416858,0.572476462,0.24710668
381,0.25961454,0.327341921,0.413043539
382,0.242516126,0.311070876,0.446412997
383,0.290837964,0.41778961,0.291372426
384,0.166919895,0.31168731,0.521392795
385,0.184791902,0.478824006,0.336384092
386,0.177954355,0.527103103,0.294942542
387,0.171835646,0.526835575,0.301328779
388,0.376767623,0.541566739,0.081665638
389,0.22269589,0.291193582,0.486110528
390,0.260210567,0.387122155,0.352667278
391,0.164328469,0.293995015,0.541676516
392,0.234798833,0.484001219,0.281199948
393,0.204222835,0.46145615,0.334321014
394,0.196926865,0.431948503,0.371124632
395,0.398521045,0.405211216,0.196267739
396,0.411154102,0.403316501,0.185529397
397,0.208910297,0.501847082,0.289242621
398,0.295595163,0.503720656,0.200684181
399,0.255136407,0.388916484,0.355947109
400,0.245764612,0.340705056,0.413530333
401,0.287131348,0.441860274,0.271008378
402,0.298631712,0.486586233,0.214782054
403,0.22683192,0.320563643,0.452604437
404,0.210693306,0.302905353,0.48640134
405,0.182652099,0.478151263,0.339196638
406,0.505702885,0.306828813,0.187468302
407,0.290837964,0.41778961,0.291372426
408,0.150137222,0.638324052,0.211538726
409,0.163611282,0.444501264,0.391887454
410,0.191581269,0.443216958,0.365201773
411,0.054131103,0.134562886,0.811306011
412,0.22683192,0.320563643,0.452604437
413,0.068798339,0.42414246,0.5070592
414,0.292190987,0.419172645,0.288636368
415,0.162737451,0.281162907,0.556099642
416,0.231898312,0.480084416,0.288017272
417,0.395756023,0.386040641,0.218203337
418,0.255942264,0.29858922,0.445468516
419,0.544418755,0.353692882,0.101888363
420,0.034730387,0.096141123,0.86912849
421,0.227735027,0.457966699,0.314298274
422,0.166919895,0.31168731,0.521392795
423,0.352435004,0.327851159,0.319713837
424,0.219462883,0.297062523,0.483474594
425,0.450127864,0.288022846,0.261849289
426,0.237670356,0.460931941,0.301397703
427,0.08710414,0.114715669,0.79818019
428,0.179072421,0.37094293,0.44998465
429,0.650898743,0.280709129,0.068392128
430,0.189149437,0.298843262,0.512007301
431,0.10710772,0.267649091,0.625243189
432,0.210693306,0.302905353,0.48640134
433,0.266003678,0.425467747,0.308528575
434,0.258804582,0.429633411,0.311562007
435,0.173817354,0.549324952,0.276857694
436,0.214485371,0.375635697,0.409878931
437,0.235618296,0.340852897,0.423528807
438,0.105108587,0.396765293,0.49812612
439,0.261982018,0.357013468,0.381004514
440,0.073366837,0.318803672,0.607829491
441,0.33425601,0.376358216,0.289385774
442,0.168457501,0.55279689,0.278745609
443,0.197245787,0.425819917,0.376934296
444,0.095064833,0.17608589,0.728849277
445,0.099920791,0.175563333,0.724515876
446,0.187185608,0.428337734,0.384476658
447,0.25961454,0.327341921,0.413043539
448,0.285581676,0.431377352,0.283040971
449,0.292484552,0.319489053,0.388026395
450,0.353049976,0.23406537,0.412884654
451,0.17521666,0.454528604,0.370254736
452,0.160726216,0.454913977,0.384359807
453,0.225817731,0.455996985,0.318185284
454,0.446872587,0.323424061,0.229703351
455,0.251035893,0.270973884,0.477990222
456,0.189891904,0.292711297,0.517396799
457,0.176328421,0.347955235,0.475716343
458,0.407027612,0.441726667,0.151245721
459,0.498598059,0.416884926,0.084517015
460,0.344002733,0.491745688,0.164251579
461,0.093642725,0.481426263,0.424931012
462,0.184892389,0.490175108,0.324932503
463,0.399088456,0.360192081,0.240719462
464,0.140264472,0.449908429,0.409827098
465,0.166919895,0.31168731,0.521392795
466,0.289380089,0.465933215,0.244686695
467,0.215400916,0.44065401,0.343945074
468,0.223975182,0.387215794,0.388809024
469,0.256069137,0.517080001,0.226850863
470,0.220780853,0.350277295,0.428941852
471,0.18494581,0.263777066,0.551277124
472,0.240557287,0.498439109,0.261003604
473,0.255942264,0.29858922,0.445468516
474,0.166919895,0.31168731,0.521392795
475,0.148704661,0.359130497,0.492164842
476,0.239618673,0.364999547,0.39538178
477,0.248082128,0.448414845,0.303503027
478,0.344002733,0.491745688,0.164251579
479,0.217987998,0.495494374,0.286517628
480,0.290837964,0.41778961,0.291372426
481,0.276231178,0.373495049,0.350273773
482,0.251554889,0.474591343,0.273853768
483,0.065004863,0.313442578,0.621552559
484,0.263004426,0.387361695,0.349633879
485,0.301325922,0.42227488,0.276399199
486,0.165584148,0.383841331,0.450574521
487,0.353049976,0.23406537,0.412884654
488,0.231341372,0.515399899,0.253258729
489,0.143964785,0.312004897,0.544030318
490,0.162777613,0.291220425,0.546001963
491,0.156884923,0.400885014,0.442230063
492,0.26922065,0.542573575,0.188205775
493,0.268264729,0.299446461,0.43228881
494,0.217494141,0.263133813,0.519372046
495,0.091943423,0.365250208,0.542806369
496,0.48995436,0.302308032,0.207737608
497,0.132349649,0.39859652,0.469053831
498,0.09808578,0.150893661,0.75102056
499,0.228820029,0.470123961,0.301056009
500,0.581948254,0.381047492,0.037004253
501,0.10723607,0.188743325,0.704020605
502,0.10723607,0.188743325,0.704020605
503,0.149970532,0.265797234,0.584232233
504,0.153238215,0.483694534,0.363067251
505,0.361167186,0.279698582,0.359134232
506,0.182191905,0.264163587,0.553644508
507,0.36342316,0.281445675,0.355131165
508,0.246138162,0.484803829,0.269058009
509,0.22683192,0.320563643,0.452604437
510,0.258804582,0.429633411,0.311562007
511,0.154760315,0.462249513,0.382990172
512,0.204946302,0.305645663,0.489408035
513,0.174082971,0.451587708,0.374329322
514,0.089553012,0.163189652,0.747257336
515,0.089462813,0.218620306,0.691916881
516,0.176746678,0.232907992,0.59034533
517,0.400186902,0.371349929,0.228463169
518,0.387717353,0.443745395,0.168537252
519,0.261982018,0.357013468,0.381004514
520,0.155409536,0.416060582,0.428529882
521,0.544418755,0.353692882,0.101888363
522,0.077962323,0.23078666,0.691251017
523,0.137610095,0.51245737,0.349932535
524,0.105771401,0.398823603,0.495404996
525,0.245764612,0.340705056,0.413530333
526,0.395756023,0.386040641,0.218203337
527,0.200728838,0.423706328,0.375564834
528,0.416448017,0.377973769,0.205578214
529,0.291650661,0.358664592,0.349684747
530,0.25961454,0.327341921,0.413043539
531,0.318102579,0.445088354,0.236809067
532,0.165967313,0.174148039,0.659884647
533,0.161301813,0.569420167,0.26927802
534,0.138143033,0.404877703,0.456979264
535,0.280755467,0.541324064,0.177920468
536,0.198355432,0.486754021,0.314890547
537,0.22372618,0.484306167,0.291967653
538,0.335388188,0.360256236,0.304355575
539,0.193925337,0.323078524,0.482996139
540,0.255942264,0.29858922,0.445468516
541,0.171762109,0.422271579,0.405966312
542,0.128023706,0.534927143,0.337049151
543,0.172067064,0.404760341,0.423172595
544,0.28555981,0.447830434,0.266609756
545,0.462430813,0.42795313,0.109616058
546,0.236073665,0.280172672,0.483753663
547,0.14148055,0.218395587,0.640123864
548,0.250422447,0.310408879,0.439168675
549,0.237224528,0.484106184,0.278669288
550,0.236567142,0.5699734,0.193459458
551,0.30520234,0.535607013,0.159190647
552,0.290837964,0.41778961,0.291372426
553,0.251988891,0.529948232,0.218062877
554,0.104702178,0.221403314,0.673894508
555,0.318084466,0.255459124,0.42645641
556,0.444520054,0.382272192,0.173207753
557,0.18494581,0.263777066,0.551277124
558,0.278277863,0.465073294,0.256648842
559,0.170921101,0.656693996,0.172384903
560,0.054757843,0.308068245,0.637173913
561,0.232499758,0.255305538,0.512194703
562,0.144752144,0.228155831,0.627092026
563,0.141517475,0.341181142,0.517301383
564,0.291650661,0.358664592,0.349684747
565,0.163078024,0.512737338,0.324184638
566,0.106177028,0.464959781,0.428863191
567,0.119933073,0.473539219,0.406527709
568,0.246034922,0.367860807,0.38610427
569,0.080937904,0.322150528,0.596911568
570,0.036263359,0.118346738,0.845389903
571,0.092397802,0.509857956,0.397744242
572,0.214556978,0.527824784,0.257618238
573,0.189891904,0.292711297,0.517396799
574,0.349162004,0.524608696,0.1262293
575,0.098486107,0.434772749,0.466741144
576,0.174808111,0.274120004,0.551071885
577,0.359093196,0.39259987,0.248306934
578,0.084541766,0.169383205,0.746075029
579,0.142712905,0.432698645,0.42458845
580,0.068609682,0.166904289,0.764486029
581,0.103227875,0.265645037,0.631127088
582,0.394655028,0.387554296,0.217790676
583,0.155535257,0.479855432,0.364609311
584,0.255942264,0.29858922,0.445468516
585,0.357756756,0.437809833,0.204433411
586,0.258630691,0.416412808,0.324956502
587,0.145414539,0.242602601,0.61198286
588,0.22269589,0.291193582,0.486110528
589,0.080544612,0.295387773,0.624067614
590,0.200678371,0.292174714,0.507146916
591,0.381894998,0.359452752,0.25865225
592,0.218801715,0.442988139,0.338210146
593,0.124118488,0.232092752,0.64378876
594,0.229815579,0.351018545,0.419165876
595,0.367495718,0.332441522,0.30006276
596,0.149004599,0.261888425,0.589106976
597,0.255942264,0.29858922,0.445468516
598,0.19641826,0.398628519,0.404953221
599,0.255781811,0.45623406,0.287984129
600,0.289612638,0.21892839,0.491458972
601,0.142358867,0.399855863,0.45778527
602,0.086672559,0.361260187,0.552067254
603,0.222130231,0.360939262,0.416930507
604,0.23543944,0.422080899,0.342479661
605,0.036572298,0.20840148,0.755026223
606,0.161085008,0.315012805,0.523902188
607,0.204693885,0.484185279,0.311120836
608,0.107919189,0.208084734,0.683996076
609,0.318084466,0.255459124,0.42645641
610,0.204852751,0.428279648,0.366867601
611,0.581948254,0.381047492,0.037004253
612,0.089334734,0.269760512,0.640904754
613,0.233990769,0.530637183,0.235372048
614,0.290837964,0.41778961,0.291372426
615,0.055933888,0.107913154,0.836152958
616,0.172299899,0.46738811,0.360311991
617,0.143777969,0.380054956,0.476167075
618,0.25961454,0.327341921,0.413043539
619,0.174399836,0.479947098,0.345653066
620,0.217878373,0.495930431,0.286191196
621,0.200512101,0.57825367,0.221234229
622,0.240795528,0.420676699,0.338527773
623,0.196206677,0.562316842,0.241476481
624,0.258804582,0.429633411,0.311562007
625,0.165099567,0.489294925,0.345605508
626,0.299264304,0.389400623,0.311335073
627,0.22683192,0.320563643,0.452604437
628,0.255942264,0.29858922,0.445468516
629,0.310024558,0.533319825,0.156655617
630,0.201312118,0.447666096,0.351021786
631,0.25961454,0.327341921,0.413043539
632,0.399088456,0.360192081,0.240719462
633,0.147457771,0.498671665,0.353870564
634,0.121406413,0.544368499,0.334225088
635,0.216112839,0.482855364,0.301031797
636,0.171524694,0.478122385,0.350352921
637,0.26714975,0.535509374,0.197340876
638,0.290154266,0.499071712,0.210774022
639,0.04657986,0.159737761,0.793682379
640,0.079322524,0.193064719,0.727612756
641,0.153732406,0.480477503,0.365790091
642,0.271693169,0.548215825,0.180091007
643,0.264218084,0.426047623,0.309734293
644,0.255942264,0.29858922,0.445468516
645,0.271838258,0.380233669,0.347928074
646,0.37207,0.466089827,0.161840173
647,0.258630691,0.416412808,0.324956502
648,0.244840266,0.480812533,0.274347201
649,0.262761223,0.589155727,0.14808305
650,0.260210567,0.387122155,0.352667278
651,0.157806949,0.252264501,0.58992855
652,0.374198117,0.402159617,0.223642266
653,0.300741273,0.469183397,0.23007533
654,0.258630691,0.416412808,0.324956502
655,0.356587489,0.255509811,0.387902701
656,0.137569018,0.513473225,0.348957757
657,0.260210567,0.387122155,0.352667278
658,0.256696702,0.32693573,0.416367569
659,0.297860203,0.4188849,0.283254897
660,0.344002733,0.491745688,0.164251579
661,0.201742815,0.356096923,0.442160262
662,0.256098685,0.568430586,0.17547073
663,0.104653156,0.481760912,0.413585933
664,0.146223582,0.52337816,0.330398258
665,0.396944196,0.436423324,0.16663248
666,0.14385647,0.233940563,0.622202967
667,0.232924616,0.535620431,0.231454953
668,0.19148694,0.490114149,0.318398911
669,0.170459349,0.258700322,0.570840329
670,0.084541766,0.169383205,0.746075029
671,0.210729382,0.406891546,0.382379073
672,0.259726408,0.259846986,0.480426606
673,0.361264891,0.365450224,0.273284886
674,0.216654761,0.458643596,0.324701643
675,0.282364471,0.345825799,0.37180973
676,0.298253301,0.523031393,0.178715306
677,0.238064261,0.282535115,0.479400624
678,0.261982018,0.357013468,0.381004514
679,0.149798713,0.272838519,0.577362769
680,0.358994484,0.257234523,0.383770993
681,0.141462744,0.591454384,0.267082873
682,0.154164405,0.483903267,0.361932328
683,0.170939627,0.593984026,0.235076346
684,0.223894612,0.424962983,0.351142405
685,0.387717353,0.443745395,0.168537252
686,0.09936633,0.267340673,0.633292997
687,0.192990867,0.655449383,0.15155975
688,0.265174245,0.392436907,0.342388848
689,0.079948513,0.148207071,0.771844416
690,0.22269589,0.291193582,0.486110528
691,0.317574041,0.357866185,0.324559774
692,0.223860605,0.304316844,0.471822551
693,0.353049976,0.23406537,0.412884654
694,0.220118071,0.463576949,0.31630498
695,0.255942264,0.29858922,0.445468516
696,0.261982018,0.357013468,0.381004514
697,0.217612361,0.294557677,0.487829962
698,0.081044466,0.476681108,0.442274426
699,0.22683192,0.320563643,0.452604437
700,0.495932458,0.385425202,0.11864234
701,0.19000014,0.523888105,0.286111755
702,0.05137375,0.139513178,0.809113072
703,0.120666311,0.424274361,0.455059327
704,0.107748027,0.550823216,0.341428757
705,0.251035893,0.270973884,0.477990222
706,0.117222544,0.511247355,0.371530102
707,0.156519002,0.418131632,0.425349366
708,0.197041293,0.525915596,0.277043111
709,0.318084466,0.255459124,0.42645641
710,0.226117354,0.513374045,0.260508601
711,0.133189143,0.46792442,0.398886437
712,0.084403568,0.289112523,0.626483909
713,0.399994818,0.391915089,0.208090093
714,0.253952478,0.296267881,0.449779641
715,0.296473414,0.435953508,0.267573078
716,0.260238053,0.354636896,0.385125052
717,0.251035893,0.270973884,0.477990222
718,0.239540695,0.288483897,0.471975408
719,0.226098936,0.474183902,0.299717162
720,0.145873623,0.325959748,0.52816663
721,0.334569451,0.348552306,0.316878243
722,0.331763101,0.454310513,0.213926386
723,0.093643791,0.180823102,0.725533107
724,0.217494141,0.263133813,0.519372046
725,0.399277496,0.285623669,0.315098835
726,0.214104877,0.473387997,0.312507126
727,0.078823307,0.229039134,0.692137559
728,0.218439018,0.398641925,0.382919057
729,0.145070377,0.561281501,0.293648122
730,0.152324714,0.478667756,0.36900753
731,0.100453137,0.286389115,0.613157747
732,0.255942264,0.29858922,0.445468516
733,0.184694049,0.517211719,0.298094232
734,0.248846897,0.317753759,0.433399344
735,0.326588126,0.491307068,0.182104806
736,0.128671918,0.479735757,0.391592325
737,0.252924993,0.39004297,0.357032037
738,0.253483249,0.491537156,0.254979595
739,0.261907231,0.495540982,0.242551787
740,0.166919895,0.31168731,0.521392795
741,0.172734745,0.320424491,0.506840764
742,0.134372471,0.447250298,0.418377232
743,0.156295039,0.512987107,0.330717854
744,0.167901806,0.467525818,0.364572376
745,0.581948254,0.381047492,0.037004253
746,0.234156095,0.382287647,0.383556258
747,0.318918715,0.518529091,0.162552195
748,0.043012447,0.179134611,0.777852942
749,0.317086993,0.404733623,0.278179384
750,0.234095768,0.467662572,0.29824166
751,0.228809473,0.425733247,0.34545728
752,0.170258518,0.343605704,0.486135778
753,0.55579156,0.304469674,0.139738766
754,0.487618427,0.409763378,0.102618195
755,0.283498856,0.375265941,0.341235203
756,0.255942264,0.29858922,0.445468516
757,0.204946302,0.305645663,0.489408035
758,0.343750333,0.511699758,0.14454991
759,0.12117102,0.234242789,0.644586191
760,0.276231178,0.373495049,0.350273773
761,0.196956585,0.354637406,0.44840601
762,0.139792684,0.331601076,0.52860624
763,0.205804681,0.401125412,0.393069907
764,0.087590236,0.342884736,0.569525028
765,0.137831588,0.543571348,0.318597064
766,0.032870035,0.210152793,0.756977172
767,0.219804983,0.382069964,0.398125053
768,0.09808578,0.150893661,0.75102056
769,0.197064506,0.42624944,0.376686055
770,0.209196152,0.408999246,0.381804602
771,0.218409773,0.482166058,0.299424169
772,0.312653968,0.431098856,0.256247176
773,0.236147011,0.314212258,0.449640731
774,0.283024569,0.458005202,0.258970229
775,0.11757643,0.283117825,0.599305746
776,0.155547516,0.236008285,0.608444198
777,0.145873623,0.325959748,0.52816663
778,0.307648153,0.293602931,0.398748916
779,0.097379483,0.397753773,0.504866744
780,0.254750282,0.308287836,0.436961882
781,0.39089219,0.412100354,0.197007456
782,0.152543497,0.446719293,0.40073721
783,0.255942264,0.29858922,0.445468516
784,0.122236461,0.334554714,0.543208825
785,0.242516126,0.311070876,0.446412997
786,0.189891904,0.292711297,0.517396799
787,0.234479715,0.446597953,0.318922332
788,0.151655973,0.424053111,0.424290916
789,0.227735027,0.457966699,0.314298274
790,0.324440629,0.425062673,0.250496698
791,0.137656438,0.453051574,0.409291988
792,0.22683192,0.320563643,0.452604437
793,0.025544844,0.073480584,0.900974572
794,0.2064737,0.487420217,0.306106083
795,0.11612494,0.174453351,0.709421709
796,0.211440398,0.63459773,0.153961871
797,0.151270153,0.513756758,0.334973089
798,0.087494602,0.398999558,0.51350584
799,0.196956585,0.354637406,0.44840601
800,0.113906616,0.34647111,0.539622273
801,0.202865301,0.485946389,0.311188309
802,0.220444723,0.512564274,0.266991003
803,0.133649194,0.226829784,0.639521022
804,0.297542956,0.361199842,0.341257202
805,0.229460636,0.320709622,0.449829743
806,0.275216546,0.329344658,0.395438796
807,0.264082648,0.575908139,0.160009213
808,0.318583233,0.539073041,0.142343726
809,0.200355586,0.518707521,0.280936892
810,0.134271415,0.404635531,0.461093055
811,0.250349484,0.422136387,0.327514129
812,0.133672985,0.333934822,0.532392193
813,0.122391867,0.236916248,0.640691885
814,0.280180386,0.529417728,0.190401886
815,0.196956585,0.354637406,0.44840601
816,0.239618673,0.364999547,0.39538178
817,0.227735027,0.457966699,0.314298274
818,0.25227582,0.502748455,0.244975725
819,0.22683192,0.320563643,0.452604437
820,0.330303233,0.222771648,0.446925119
821,0.301813162,0.405674247,0.292512591
822,0.415504419,0.464355862,0.12013972
823,0.292219605,0.529089598,0.178690797
824,0.175965706,0.446522398,0.377511896
825,0.288323118,0.447637544,0.264039338
826,0.153630989,0.485233181,0.36113583
827,0.20856482,0.336170583,0.455264597
828,0.344107728,0.428388898,0.227503374
829,0.193371196,0.327897695,0.478731109
830,0.11819239,0.355641053,0.526166557
831,0.25961454,0.327341921,0.413043539
832,0.192107708,0.490889157,0.317003135
833,0.371853859,0.500381684,0.127764457
834,0.166919895,0.31168731,0.521392795
835,0.11707597,0.438421321,0.444502709
836,0.322751504,0.456496181,0.220752316
837,0.123272005,0.329661389,0.547066606
838,0.275216546,0.329344658,0.395438796
839,0.132592606,0.39864637,0.468761024
840,0.225295185,0.462776821,0.311927994
841,0.17334294,0.545405099,0.281251961
842,0.076466464,0.193466376,0.73006716
843,0.371071299,0.372770951,0.256157751
844,0.261982018,0.357013468,0.381004514
845,0.268508743,0.273995577,0.457495679
846,0.255207894,0.513583025,0.23120908
847,0.389431241,0.428474173,0.182094586
848,0.342506594,0.365256958,0.292236448
849,0.205145977,0.542086069,0.252767954
850,0.280929143,0.471966445,0.247104412
851,0.183201933,0.579820466,0.236977601
852,0.334569451,0.348552306,0.316878243
853,0.136372074,0.44478939,0.418838537
854,0.166919895,0.31168731,0.521392795
855,0.258782872,0.385513017,0.355704111
856,0.079096892,0.347110365,0.573792743
857,0.407738895,0.393007619,0.199253486
858,0.22269589,0.291193582,0.486110528
859,0.332638493,0.473547479,0.193814029
860,0.223975182,0.387215794,0.388809024
861,0.135043046,0.250016743,0.614940211
862,0.145514426,0.306462747,0.548022827
863,0.204222835,0.46145615,0.334321014
864,0.255942264,0.29858922,0.445468516
865,0.442542293,0.496984089,0.060473619
866,0.056031926,0.388070859,0.555897215
867,0.124118488,0.232092752,0.64378876
868,0.133785748,0.340025518,0.526188734
869,0.155686674,0.472110993,0.372202333
870,0.093964353,0.212483727,0.693551921
871,0.166919895,0.31168731,0.521392795
872,0.201995982,0.528323905,0.269680113
873,0.353263745,0.309064326,0.33767193
874,0.150703823,0.393362063,0.455934114
875,0.225553716,0.405065043,0.369381241
876,0.275067432,0.521746283,0.203186285
877,0.237480895,0.436095143,0.326423962
878,0.251035893,0.270973884,0.477990222
879,0.345072462,0.496152164,0.158775374
880,0.231801584,0.301107088,0.467091328
881,0.0513128,0.172195804,0.776491395
882,0.266663817,0.275939542,0.457396641
883,0.163438515,0.474642739,0.361918747
884,0.325819843,0.291594317,0.38258584
885,0.112316127,0.213655133,0.67402874
886,0.331339283,0.498371487,0.170289229
887,0.255942264,0.29858922,0.445468516
888,0.276207979,0.403635052,0.320156969
889,0.064053752,0.310003486,0.625942762
890,0.194776707,0.29432433,0.510898963
891,0.174408522,0.515619276,0.309972201
892,0.162519226,0.378887438,0.458593336
893,0.26918632,0.408063339,0.322750341
894,0.092594948,0.131798885,0.775606167
895,0.232291075,0.310920962,0.456787964
896,0.344002733,0.491745688,0.164251579
897,0.250958267,0.455159695,0.293882038
898,0.243281502,0.431559427,0.325159071
899,0.253952478,0.296267881,0.449779641
900,0.12120759,0.349695455,0.529096955
901,0.33425601,0.376358216,0.289385774
902,0.172537662,0.522818242,0.304644096
903,0.227467954,0.543721319,0.228810728
904,0.278364699,0.437670272,0.283965029
905,0.313609305,0.433937083,0.252453612
906,0.186681673,0.483700614,0.329617712
907,0.217612361,0.294557677,0.487829962
908,0.198753102,0.462464658,0.33878224
909,0.197233072,0.449303145,0.353463784
910,0.147802236,0.393683534,0.458514229
911,0.19093471,0.337420339,0.471644951
912,0.25961454,0.327341921,0.413043539
913,0.210045878,0.469805342,0.320148781
914,0.18531821,0.214330336,0.600351454
915,0.259120819,0.356685048,0.384194133
916,0.191244064,0.361596228,0.447159708
917,0.085698386,0.437898235,0.476403378
918,0.566314994,0.400768241,0.032916765
919,0.199956829,0.444551934,0.355491237
920,0.276704277,0.498859973,0.22443575
921,0.193925337,0.323078524,0.482996139
922,0.189891904,0.292711297,0.517396799
923,0.258804582,0.429633411,0.311562007
924,0.191891903,0.239862689,0.568245409
925,0.358994484,0.257234523,0.383770993
926,0.241239187,0.468344916,0.290415898
927,0.165967313,0.174148039,0.659884647
928,0.332598083,0.483664846,0.183737071
929,0.232585331,0.395872638,0.371542031
930,0.193537154,0.29488328,0.511579566
931,0.255942264,0.29858922,0.445468516
932,0.100915536,0.249561912,0.649522552
933,0.299334817,0.379448707,0.321216476
934,0.154693018,0.480334023,0.36497296
935,0.25961454,0.327341921,0.413043539
936,0.367378605,0.383803895,0.2488175
937,0.144689346,0.312224599,0.543086055
938,0.266927876,0.454220229,0.278851895
939,0.149431024,0.376567644,0.474001333
940,0.166919895,0.31168731,0.521392795
941,0.159727391,0.341614469,0.49865814
942,0.25961454,0.327341921,0.413043539
943,0.369294661,0.428953673,0.201751666
944,0.226117354,0.513374045,0.260508601
945,0.126747601,0.511760167,0.361492232
946,0.379231563,0.377103738,0.243664699
947,0.251035893,0.270973884,0.477990222
948,0.157806949,0.252264501,0.58992855
949,0.196926865,0.431948503,0.371124632
950,0.590470152,0.380712408,0.02881744
951,0.120723641,0.454179669,0.42509669
952,0.044390446,0.128686229,0.826923325
953,0.310024558,0.533319825,0.156655617
954,0.253952478,0.296267881,0.449779641
955,0.25961454,0.327341921,0.413043539
956,0.33425601,0.376358216,0.289385774
957,0.292377323,0.527957932,0.179664745
958,0.333327712,0.321301386,0.345370902
959,0.075745513,0.240119743,0.684134744
960,0.317752299,0.363962796,0.318284904
961,0.261982018,0.357013468,0.381004514
962,0.25961454,0.327341921,0.413043539
963,0.166919895,0.31168731,0.521392795
964,0.22683192,0.320563643,0.452604437
965,0.176328421,0.347955235,0.475716343
966,0.256764641,0.460682593,0.282552766
967,0.147322916,0.403632853,0.449044231
968,0.22683192,0.320563643,0.452604437
969,0.179872989,0.439417983,0.380709028
970,0.079948513,0.148207071,0.771844416
971,0.193925337,0.323078524,0.482996139
972,0.200746412,0.209262249,0.589991338
973,0.543804922,0.388145679,0.068049399
974,0.193925337,0.323078524,0.482996139
975,0.213767916,0.410314561,0.375917524
976,0.121089914,0.520805769,0.358104317
977,0.216624748,0.346865978,0.436509274
978,0.366346931,0.431959612,0.201693457
979,0.22269589,0.291193582,0.486110528
980,0.290837964,0.41778961,0.291372426
981,0.162737451,0.281162907,0.556099642
982,0.152235252,0.517874731,0.329890017
983,0.17902959,0.453407223,0.367563187
984,0.112316127,0.213655133,0.67402874
985,0.165038889,0.585331679,0.249629432
986,0.389497972,0.369899209,0.240602819
